,Subject,Valence,Arousal,LearningTime,Confidence,RT,Keep,Accuracy,MetadPrime,dPrime,HR,FAR,Mratio,Criterion
0,11113,High,High,30,3.2142857142857144,2.0449055366480025,0.28,0.6666666666666666,1.26721842076689,0.8462368398335941,0.592657342657343,0.326923076923077,1.49747489250891,0.251371330279285
1,11113,High,High,60,4.155555555555556,1.7923779380507767,0.3,0.6888888888888889,1.65562950264644,0.9492046914761619,0.657190635451505,0.30929487179487203,1.744228107503,-0.10050693554035699
2,11113,High,High,90,4.466666666666667,1.6086880226503126,0.3,0.7777777777777778,1.6748870399508402,1.50521666438541,0.653846153846154,0.22275641025641002,1.1127215633336798,0.301864119577347
3,11113,High,Low,30,2.659090909090909,1.6739189295039978,0.29333333333333333,0.6363636363636364,0.873541957329558,0.7267349305720219,0.5625,0.36888111888111896,1.20200904151116,0.31112228491007105
4,11113,High,Low,60,3.7560975609756095,1.7138125772471542,0.2733333333333333,0.8292682926829268,0.851522613661315,1.7929160570309401,0.6800699300699301,0.291208791208791,0.47493724556822503,0.0709635375862329
5,11113,High,Low,90,4.851063829787234,1.5521226182172543,0.31333333333333335,0.7872340425531915,1.891318204736,1.6556469757423202,0.7163461538461541,0.226153846153846,1.1423438887918798,0.4537280776734389
6,11113,Low,High,30,2.3488372093023258,2.0713460336555727,0.2866666666666667,0.5813953488372093,0.32507775856108,0.398009836765895,0.526755852842809,0.4388111888111889,0.8167581012634301,0.0898044366915159
7,11113,Low,High,60,4.222222222222222,1.8545442238391845,0.3,0.7333333333333333,1.63574426590192,1.18086451159569,0.7307692307692311,0.34440559440559404,1.3852090987911498,-0.052913149595072
8,11113,Low,High,90,3.2790697674418605,2.010291647457052,0.2866666666666667,0.7906976744186046,0.840531759064326,1.82247514052524,0.617056856187291,0.284965034965035,0.461203415275165,0.578232472065322
9,11113,Low,Low,30,2.840909090909091,1.7397069089201977,0.29333333333333333,0.6590909090909091,0.655460378573678,0.7948321970970179,0.6304347826086961,0.4431438127090301,0.8246525253602329,-0.17769318272992898
10,11113,Low,Low,60,3.74468085106383,1.867939951014705,0.31333333333333335,0.7021276595744681,0.531054351523648,1.07267577245298,0.6201923076923079,0.36153846153846203,0.495074434569579,0.37902720161632203
11,11113,Low,Low,90,3.5454545454545454,1.8537045247212518,0.29333333333333333,0.7727272727272727,0.855802417334744,1.4357891011155701,0.687062937062937,0.35737179487179493,0.596050225391604,-0.10759994037145099
12,11114,High,High,30,2.9375,1.5996859025908634,0.32,0.625,0.48719831597351393,0.671759493677215,0.515384615384615,0.364615384615385,0.725257060836741,0.43631346735007703
13,11114,High,High,60,3.404255319148936,1.5712745405617168,0.31333333333333335,0.723404255319149,1.05398591275499,1.19262734711827,0.635384615384615,0.34134615384615397,0.8837512533162379,0.290832885459739
14,11114,High,High,90,4.644444444444445,1.52231499820482,0.3,0.8666666666666667,1.64879737746102,2.1227791380650203,0.7744755244755239,0.235384615384615,0.77671640346153,-0.146024481189694
15,11114,High,Low,30,3.02,1.5173701537278248,0.3333333333333333,0.76,0.576156589118059,1.3905012583017098,0.607988165680473,0.341715976331361,0.414351720775678,0.24682514584492102
16,11114,High,Low,60,3.62,1.5039578966388945,0.3333333333333333,0.76,1.79632965011268,1.3489795003921599,0.720414201183432,0.312130177514793,1.33162116221223,0.0
17,11114,High,Low,90,5.777777777777778,1.3793485534843055,0.3,0.8666666666666667,2.84826482342894,2.0785205129678404,0.8513986013986009,0.17076923076923098,1.37033279472523,0.0410590843310347
18,11114,Low,High,30,2.32,1.6125706005404936,0.3333333333333333,0.74,0.43235540882758794,1.2323745130356798,0.631656804733728,0.42455621301775104,0.350831183422137,0.0583024936782415
19,11114,Low,High,60,2.92,1.5244877912191441,0.3333333333333333,0.84,0.187405374127822,1.8841515499915502,0.678994082840237,0.3920118343195271,0.0994640660028977,2.2204460492503099e-16
20,11114,Low,High,90,4.869565217391305,1.538981151592452,0.30666666666666664,0.9130434782608695,2.03076006619096,2.58192786751185,0.8076923076923079,0.183076923076923,0.786528582670265,0.263809660840927
21,11114,Low,Low,30,2.8958333333333335,1.595301659879624,0.32,0.6458333333333334,1.02020871574656,0.7321805889253001,0.625739644970414,0.4054487179487179,1.3933839973059499,0.122686116652019
22,11114,Low,Low,60,3.061224489795918,1.3993393400451168,0.32666666666666666,0.7346938775510204,1.18904356818353,1.24755656309517,0.635384615384615,0.321005917159763,0.95309792225655,0.318297493448189
23,11114,Low,Low,90,4.1,1.6601903126720572,0.3333333333333333,0.74,1.60576611859912,1.28617823787879,0.664201183431953,0.264792899408284,1.24847868771859,0.29898665605638003
24,11115,High,High,30,2.72,1.759796656348044,0.3333333333333333,0.52,0.6482092936200389,0.116604987356483,0.460059171597633,0.356508875739645,5.55901860045096,0.6161872565178399
25,11115,High,High,60,3.48,1.861521898274077,0.3333333333333333,0.8,1.25325672925579,1.6165655251918603,0.711538461538462,0.329881656804734,0.775258849533523,0.13379301239984698
26,11115,High,High,90,4.5,1.6110549707518658,0.32,0.8333333333333334,1.93043257571424,1.93265131125918,0.6967455621301779,0.174679487179487,0.9988519731769431,0.291835905433507
27,11115,High,Low,30,3.3333333333333335,1.6284807836200343,0.32,0.7291666666666666,1.07775907140448,1.16774591810096,0.66,0.35538461538461497,0.9229397034906172,-0.0594724463424381
28,11115,High,Low,60,2.5918367346938775,1.7978776370873677,0.32666666666666666,0.6530612244897959,1.0318603583867298,0.8204162877446071,0.61094674556213,0.383076923076923,1.25772778259121,0.361985070316381
29,11115,High,Low,90,4.5,1.5222631886717863,0.32,0.7916666666666666,1.37768976295176,1.55237038518211,0.7387820512820509,0.306213017751479,0.887474906827818,0.165890582404722
30,11115,Low,High,30,2.4,1.6344186712085502,0.3333333333333333,0.64,-0.0972859308724714,0.703005704050373,0.49260355029585795,0.412721893491124,-0.138385692053361,0.20638191081441198
31,11115,Low,High,60,3.1914893617021276,1.9278031532303432,0.31333333333333335,0.6808510638297872,0.706591258192487,0.929503898798856,0.59775641025641,0.373846153846154,0.760181059063415,0.307441264789257
32,11115,Low,High,90,3.76,1.7636979313974734,0.3333333333333333,0.78,1.04194265087296,1.4755842794780298,0.711538461538462,0.350591715976331,0.7061220869346272,-0.0633023895429342
33,11115,Low,Low,30,2.7346938775510203,1.724228518927703,0.32666666666666666,0.6326530612244898,0.414787350000294,0.649583250982413,0.607988165680473,0.46,0.6385437884566459,-0.0193108373918091
34,11115,Low,Low,60,3.52,1.8893304730590899,0.3333333333333333,0.68,0.9178849833818321,0.901987225722614,0.667159763313609,0.42159763313609494,1.01762525810327,-0.106891149978291
35,11115,Low,Low,90,3.693877551020408,1.791916170535842,0.32666666666666666,0.7551020408163265,0.988284649095591,1.67487868572851,0.632307692307692,0.29437869822485196,0.5900634222147989,0.7370056223527859
36,11116,High,High,30,3.9166666666666665,1.8044117005338194,0.32,0.6666666666666666,0.827888878916916,0.935369632574798,0.566568047337278,0.30929487179487203,0.8850927484549409,0.419461742731477
37,11116,High,High,60,5.32,1.254384560714243,0.3333333333333333,0.84,1.9664010896046697,1.9782724222995702,0.75887573964497,0.18786982248520698,0.9939991415939058,0.31464646095370197
38,11116,High,High,90,4.775510204081633,1.2144160057068802,0.32666666666666666,0.7959183673469388,1.68476806948358,1.87992575331644,0.656923076923077,0.161242603550296,0.89618862155137,0.634482088558823
39,11116,High,Low,30,4.458333333333333,1.3640197511413135,0.32,0.6666666666666666,1.36595566262467,0.915365087842814,0.5707692307692309,0.269230769230769,1.49225230540934,0.457682543921407
40,11116,High,Low,60,4.918367346938775,1.1452437260886654,0.32666666666666666,0.673469387755102,2.1230351469528,1.0320962672590301,0.554733727810651,0.16769230769230803,2.05701271703171,0.564271207185439
41,11116,High,Low,90,5.816326530612245,0.9726346309471411,0.32666666666666666,0.8571428571428571,3.0010533618055897,2.22926334479293,0.809171597633136,0.115384615384615,1.3462085440983897,0.440141922200386
42,11116,Low,High,30,4.84,1.2763476248510415,0.3333333333333333,0.76,1.4479972571726798,1.3905012583017098,0.693786982248521,0.264792899408284,1.0413491167503102,0.24682514584492102
43,11116,Low,High,60,4.224489795918367,1.2501559097727295,0.32666666666666666,0.673469387755102,1.10597484028373,0.9420757749957758,0.595384615384615,0.312130177514793,1.17397652040112,0.4710378874978879
44,11116,Low,High,90,5.408163265306122,1.2644909450318664,0.32666666666666666,0.8163265306122449,1.7503938343043899,1.9869080946584499,0.678461538461538,0.140532544378698,0.8809636635987871,0.580990917887819
45,11116,Low,Low,30,3.163265306122449,1.234451050113421,0.32666666666666666,0.7755102040816326,1.01652084081087,1.60926346020288,0.678461538461538,0.33579881656804705,0.631668378702088,0.499150942002045
46,11116,Low,Low,60,3.54,1.3191527107119327,0.3333333333333333,0.62,0.9184663123110279,0.606107836395521,0.616863905325444,0.41863905325443795,1.5153513239048002,0.254830844641838
47,11116,Low,Low,90,4.88,1.230631261234521,0.3333333333333333,0.76,2.0813414910134096,1.5471868499141201,0.6612426035502961,0.178994082840237,1.34524249034881,0.530189247146428
48,11117,High,High,30,2.6595744680851063,1.6974455823656172,0.31333333333333335,0.574468085106383,0.0157449592620249,0.42658867672814504,0.4695512820512821,0.398461538461538,0.0369089948256146,0.702070749478742
49,11117,High,High,60,2.64,1.6958356377581367,0.3333333333333333,0.74,0.637970876601307,1.2323745130356798,0.587278106508876,0.362426035502959,0.51767613647722,0.0583024936782415
50,11117,High,High,90,3.7872340425531914,1.4954260057420468,0.31333333333333335,0.7872340425531915,0.902742929310413,1.5788729644780901,0.6261538461538461,0.264423076923077,0.571764131516952,0.265035969531006
51,11117,High,Low,30,2.2666666666666666,1.5189969292841852,0.3,0.7111111111111111,0.0994378638890699,1.08711217748033,0.561188811188811,0.416923076923077,0.0914697360115529,0.371808999102651
52,11117,High,Low,60,2.88,1.4008978604979347,0.3333333333333333,0.76,0.8667982198848181,1.3589792921215502,0.607988165680473,0.326923076923077,0.6378303370109711,0.12160488322117599
53,11117,High,Low,90,3.5217391304347827,1.4272018562769517,0.30666666666666664,0.6521739130434783,1.89926660349282,0.7938392242374571,0.607371794871795,0.28365384615384603,2.39250788510383,0.34467443174278806
54,11117,Low,High,30,3.106382978723404,1.5065437182493042,0.31333333333333335,0.6595744680851063,1.1688210445107199,0.8121880893281841,0.601538461538461,0.34775641025640996,1.4391014345919901,0.20420056552224103
55,11117,Low,High,60,2.4583333333333335,1.3497034827596508,0.32,0.7708333333333334,-0.19718898499627802,1.4397656005508501,0.5861538461538461,0.416923076923077,-0.13695908898006198,0.195482287567387
56,11117,Low,High,90,3.489795918367347,1.332453159702709,0.32666666666666666,0.7959183673469388,0.4442410653001021,1.72997704885054,0.578402366863905,0.266153846153846,0.256790149670062,0.4165630411193329
57,11117,Low,Low,30,2.239130434782609,1.6203650533716427,0.30666666666666664,0.7391304347826086,0.277868388701587,1.2308851300702401,0.578671328671329,0.39497041420118295,0.22574680765355498,0.32663320996065603
58,11117,Low,Low,60,2.857142857142857,1.530593919887906,0.32666666666666666,0.7346938775510204,0.8056082842286709,1.22061869749462,0.66,0.40384615384615397,0.659999954025136,-0.161883865441375
59,11117,Low,Low,90,2.938775510204082,1.6434526887896936,0.32666666666666666,0.7142857142857143,0.939366117248485,1.1065753173813502,0.6261538461538461,0.36834319526627207,0.84889487637538,0.24780687059127599
60,11118,High,High,30,3.2244897959183674,1.3056355956941843,0.32666666666666666,0.6938775510204082,1.17682295744727,0.970347892281003,0.647692307692308,0.356508875739645,1.21278457634499,0.0727108166990969
61,11118,High,High,60,4.4,1.242062392178923,0.3333333333333333,0.76,2.08804090180172,1.3905012583017098,0.696745562130177,0.238165680473373,1.5016461792720401,0.24682514584492102
62,11118,High,High,90,5.1,1.4002634106436744,0.3333333333333333,0.92,2.3301062721012302,2.67928070917915,0.8565088757396451,0.18786982248520698,0.8696760530236111,0.234804610627466
63,11118,High,Low,30,3.0416666666666665,1.3597743285208708,0.32,0.625,1.7831320445291998,0.658517683742255,0.640532544378698,0.331730769230769,2.7077967510241003,0.281035768315205
64,11118,High,Low,60,4.64,1.4133736325020436,0.3333333333333333,0.74,2.44582280198338,1.3482399217727399,0.7322485207100591,0.22337278106508898,1.8140857294653299,0.43071578307574
65,11118,High,Low,90,5.16,1.2586361545399996,0.3333333333333333,0.84,3.0972669238622004,1.9782724222995702,0.788461538461538,0.128698224852071,1.56564226895601,0.31464646095370197
66,11118,Low,High,30,2.86,1.365232296040631,0.3333333333333333,0.72,1.2593732651221499,1.14519699216497,0.6375739644970411,0.341715976331361,1.09970011599606,0.22849603319946699
67,11118,Low,High,60,3.8333333333333335,1.5030059162381804,0.32,0.7291666666666666,1.5055717457737101,1.16774591810096,0.7153846153846151,0.35538461538461497,1.2892973740573201,-0.0594724463424381
68,11118,Low,High,90,3.938775510204082,1.4597576147352809,0.32666666666666666,0.7755102040816326,1.5417237008471998,1.47324985068241,0.693786982248521,0.284615384615385,1.04647809747483,0.17874016250160799
69,11118,Low,Low,30,2.6458333333333335,1.2907595183642115,0.32,0.6875,1.31802254006669,1.05259056358617,0.559294871794872,0.30029585798816605,1.2521702033658701,0.578540462169025
70,11118,Low,Low,60,3.4489795918367347,1.274071229621768,0.32666666666666666,0.8367346938775511,0.770571847759433,1.88141387009691,0.678994082840237,0.309230769230769,0.40957062133263794,0.13961240576650302
71,11118,Low,Low,90,4.530612244897959,1.4608724022109527,0.32666666666666666,0.8571428571428571,1.6263127355446,2.02020083180492,0.746153846153846,0.220414201183432,0.8050252776559821,0.0947353280596482
72,11119,High,High,30,3.5714285714285716,0.6799234950740356,0.32666666666666666,0.6938775510204082,1.8820571144357698,1.06048602905359,0.6553254437869821,0.269230769230769,1.7747118423760602,0.38512207331602
73,11119,High,High,60,5.583333333333333,0.937567408560426,0.32,0.875,3.2237628310308395,2.19691665338742,0.844615384615385,0.14307692307692302,1.46740333824687,-0.18309323885089301
74,11119,High,High,90,5.857142857142857,0.917077133024577,0.32666666666666666,0.8571428571428571,3.55079518181811,2.02239511581073,0.869230769230769,0.152366863905325,1.75573761727301,-0.06912178290959
75,11119,High,Low,30,3.4791666666666665,0.6184310143871699,0.32,0.7291666666666666,1.58864741602477,1.9125911462848797,0.6842948717948721,0.285502958579882,0.8306257294511931,1.1136062577526102
76,11119,High,Low,60,5.489795918367347,0.9998748871439602,0.32666666666666666,0.8571428571428571,2.7630211152421498,2.21779037060996,0.9186390532544381,0.290769230769231,1.2458441302016399,-0.465549779912063
77,11119,High,Low,90,6.382978723404255,0.8489608897361904,0.31333333333333335,0.9574468085106383,3.55655970783153,3.0888941389494002,0.906153846153846,0.0753205128205128,1.15140226496762,-0.0103265251221535
78,11119,Low,High,30,3.42,0.6995764769962989,0.3333333333333333,0.66,1.66521373776104,1.23034250233403,0.6227810650887571,0.25887573964497,1.35345542773824,0.959273714050029
79,11119,Low,High,60,5.291666666666667,1.0264425991772441,0.32,0.8541666666666666,2.83319781345563,1.9956844286577702,0.8261538461538459,0.17076923076923098,1.4196622335532,-0.082477126486071
80,11119,Low,High,90,4.938775510204081,1.0284394322370645,0.32666666666666666,0.7959183673469388,2.50668404792515,1.7162458015448898,0.7307692307692311,0.16715976331360902,1.4605623772939398,0.445659771331041
81,11119,Low,Low,30,3.6,0.9700402863381896,0.3333333333333333,0.64,1.7938529726885302,0.9596802092204709,0.587278106508876,0.24112426035503,1.8692195123473898,0.823942567493251
82,11119,Low,Low,60,4.583333333333333,0.967152104494744,0.32,0.8125,2.0730577284240903,2.35922969873122,0.733846153846154,0.176923076923077,0.8787010987268291,0.8741340612662131
83,11119,Low,Low,90,4.76,0.9271745414007455,0.3333333333333333,0.88,2.18601732220432,2.24585844709926,0.7470414201183431,0.146449704142012,0.9733548991156429,0.18085344855385602
84,11120,High,High,30,3.4489795918367347,1.4625213493709452,0.32666666666666666,0.6122448979591837,0.6506670007330171,0.557584070652179,0.5576923076923079,0.40153846153846207,1.16693972259997,0.133671094115315
85,11120,High,High,60,4.291666666666667,1.432306456976221,0.32,0.9375,1.03863932821376,3.1243742826651,0.773668639053254,0.241987179487179,0.332431147566544,-0.5077146895624989
86,11120,High,High,90,4.56,1.5175451400573365,0.3333333333333333,0.78,1.73237167824864,1.55326122726805,0.803254437869823,0.347633136094675,1.11531251011501,-0.328205130328088
87,11120,High,Low,30,3.306122448979592,1.3133394585165659,0.32666666666666666,0.8163265306122449,0.822876337849672,1.7164596171247601,0.696745562130177,0.34,0.47940326101471,0.057135279280431994
88,11120,High,Low,60,4.857142857142857,1.2790883963170927,0.32666666666666666,0.8163265306122449,2.2544649673554598,1.8394363283842001,0.810769230769231,0.252958579881657,1.22562816258817,-0.3618334013525011
89,11120,High,Low,90,5.125,1.2166831131180516,0.32,0.8958333333333334,2.2481310878395897,2.36299730502521,0.809171597633136,0.171474358974359,0.9513896114306422,0.0766629085504931
90,11120,Low,High,30,3.3469387755102042,1.4722676335368303,0.32666666666666666,0.6938775510204082,0.497593395668675,0.972825996013975,0.629230769230769,0.40976331360946705,0.511492700346719,-0.037987514701053
91,11120,Low,High,60,3.86,1.4383628770447103,0.3333333333333333,0.62,1.7108326282073603,0.587506640693647,0.640532544378698,0.365384615384615,2.91202262188465,-0.0503491425361922
92,11120,Low,High,90,4.8979591836734695,1.3937090095423628,0.32666666666666666,0.9183673469387755,1.36143774407102,2.654764306032,0.788461538461538,0.204615384615385,0.512828103413039,-0.247062812201043
93,11120,Low,Low,30,2.6595744680851063,1.5856384023209102,0.31333333333333335,0.6382978723404256,1.04476761751175,0.7107283306978021,0.6169871794871801,0.40769230769230796,1.4699957387177602,-0.254930444837431
94,11120,Low,Low,60,4.4375,1.4379376540746307,0.32,0.7083333333333334,1.6366981625173602,1.05580853483432,0.632307692307692,0.272307692307692,1.5501846296158202,0.115441137975756
95,11120,Low,Low,90,4.88,1.4615894196904264,0.3333333333333333,0.84,1.04927081646999,2.1323297280566402,0.797337278106509,0.309171597633136,0.492077187999565,-0.508280101188722
96,11121,High,High,30,2.872340425531915,1.629108469200219,0.31333333333333335,0.5957446808510638,1.59106079636949,0.509860889674863,0.58,0.338141025641026,3.1205782372993998,0.35536416534890103
97,11121,High,High,60,3.36,1.771980941803804,0.3333333333333333,0.78,1.1056454367203798,1.49996053783537,0.7322485207100591,0.38905325443787003,0.7371163499514208,-0.19209550607808804
98,11121,High,High,90,4.895833333333333,1.5064027237363007,0.32,0.8333333333333334,1.71965838244683,2.07917410730489,0.8384615384615379,0.324615384615385,0.8270872441153679,-0.515186540944406
99,11121,High,Low,30,3.42,1.6850463670948557,0.3333333333333333,0.86,0.390018570519949,2.24893471541312,0.634615384615385,0.276627218934911,0.173423696049044,0.44997760751048
100,11121,High,Low,60,5.12,1.3819008087093607,0.3333333333333333,0.88,1.6737940783862502,2.2096714879242203,0.788461538461538,0.21745562130177498,0.757485484848528,0.0
101,11121,High,Low,90,5.040816326530612,1.5348761335931158,0.32666666666666666,0.7959183673469388,1.5946826391629898,1.5732877434706298,0.770710059171598,0.3,1.0135988447003101,-0.0144506575466326
102,11121,Low,High,30,3.34,1.8290608942861584,0.3333333333333333,0.66,1.2426924899708,0.819610691406856,0.569526627218935,0.32396449704141994,1.51619848667143,0.26468440449265396
103,11121,Low,High,60,3.9,1.8104630485991038,0.3333333333333333,0.72,1.13758497376766,1.1157695256792,0.678994082840237,0.347633136094675,1.01955193038202,0.0
104,11121,Low,High,90,5.408163265306122,1.4581817143584883,0.32666666666666666,0.8367346938775511,2.22861276227779,1.8770289581508002,0.8387573964497042,0.26,1.1873086734225802,-0.166321264886713
105,11121,Low,Low,30,4.2,1.5771635919413711,0.3333333333333333,0.78,0.9114230709049019,1.49996053783537,0.7322485207100591,0.365384615384615,0.6076313662359389,-0.19209550607808804
106,11121,Low,Low,60,4.571428571428571,1.5642500342455603,0.32666666666666666,0.7959183673469388,2.14418232167929,1.62923625667015,0.770710059171598,0.26,1.3160659253076001,-0.29021761562703496
107,11121,Low,Low,90,4.979166666666667,1.4408276174463026,0.32,0.8125,2.32840974045072,1.7236647462078702,0.798461538461538,0.244615384615385,1.35084838601782,-0.21848696771102
108,11122,High,High,30,4.791666666666667,1.2947056568486914,0.32,0.8333333333333334,0.7870273045451641,2.09200530719214,0.678994082840237,0.21314102564102602,0.37620712616714097,0.488117890756474
109,11122,High,High,60,4.36734693877551,1.2716609002641237,0.32666666666666666,0.7551020408163265,1.33083296075161,1.42442180369797,0.625739644970414,0.213846153846154,0.9342969598588051,0.36810843896596995
110,11122,High,High,90,4.666666666666667,1.3130299836873291,0.32,0.7708333333333334,2.20621513761259,1.41138913946828,0.7529585798816569,0.23878205128205102,1.56315156176117,-0.0953999595478086
111,11122,High,Low,30,5.145833333333333,1.351018303314504,0.32,0.7916666666666666,1.38769630602474,1.6047198535229998,0.7,0.229230769230769,0.8647592307019789,0.27795941405345803
112,11122,High,Low,60,4.73469387755102,1.3102311533289142,0.32666666666666666,0.6938775510204082,1.8099889929609998,0.970347892281003,0.699704142011834,0.324615384615385,1.8652990410544898,-0.072710816699097
113,11122,High,Low,90,4.66,1.4810489879519082,0.3333333333333333,0.82,2.10698160413147,1.77932549415819,0.7233727810650891,0.19378698224852103,1.18414624589431,0.215172996883014
114,11122,Low,High,30,4.74,1.3258698926440502,0.3333333333333333,0.78,1.28978540603065,1.49996053783537,0.779585798816568,0.326923076923077,0.8598795591595809,-0.19209550607808804
115,11122,Low,High,60,4.183673469387755,1.3901879734821705,0.32666666666666666,0.7959183673469388,1.6199663321258997,1.58542118038869,0.7677514792899409,0.321538461538462,1.0217892583778498,-0.14936518480142902
116,11122,Low,High,90,4.714285714285714,1.4705072990300323,0.32666666666666666,0.7142857142857143,2.4784374679795897,1.09177088869885,0.7322485207100591,0.266153846153846,2.27010766969006,0.0974599610434911
117,11122,Low,Low,30,3.24,1.3709740648241677,0.3333333333333333,0.7,1.12383103527075,1.04449870709258,0.6849112426035501,0.412721893491124,1.07595253841816,-0.278845175735659
118,11122,Low,Low,60,4.551020408163265,1.2609557631139978,0.32666666666666666,0.7755102040816326,1.74456546394164,1.44443993467487,0.7440828402366859,0.293846153846154,1.20777986128882,-0.0788745619445166
119,11122,Low,Low,90,4.612244897959184,1.4093552055619512,0.32666666666666666,0.7346938775510204,2.54165022014069,1.32372351862559,0.658284023668639,0.16461538461538502,1.9200763485562802,0.41845758150216295
120,11123,High,High,30,3.5,1.2318767353340263,0.3333333333333333,0.74,0.704778768069671,1.4489036133142599,0.542899408284024,0.26775147928994103,0.486422120556067,0.5793308654463559
121,11123,High,High,60,4.56,1.1208142256091378,0.3333333333333333,0.68,1.5752010578864,0.9462154704927241,0.631656804733728,0.29142011834319503,1.6647382197906202,0.327986794035588
122,11123,High,High,90,4.755102040816326,1.0628411119614611,0.32666666666666666,0.8367346938775511,1.8941864359609397,1.9560413157406797,0.7470414201183431,0.22,0.9683775187763249,0.30353090767426005
123,11123,High,Low,30,3.816326530612245,1.275463678082815,0.32666666666666666,0.6326530612244898,1.5564845555531202,0.691568478948839,0.569526627218935,0.293846153846154,2.25065861578729,0.297561165918497
124,11123,High,Low,60,4.82,1.030287004823549,0.3333333333333333,0.72,2.14694440589201,1.14519699216497,0.6612426035502961,0.22928994082840196,1.8747380761394299,0.22849603319946699
125,11123,High,Low,90,4.583333333333333,1.1092280078728436,0.32,0.8125,1.834906509115,1.96723672403826,0.663076923076923,0.18,0.932732948045205,0.571155232577724
126,11123,Low,High,30,4.24,1.0607929564885126,0.3333333333333333,0.6,1.13631838303691,0.49664855686185705,0.590236686390533,0.38609467455621294,2.28797278747148,0.20010120487500602
127,11123,Low,High,60,4.64,1.0901435425121235,0.3333333333333333,0.78,1.41822068129612,1.49996053783537,0.643491124260355,0.22337278106508898,0.9455053286553701,0.19209550607808898
128,11123,Low,High,90,4.816326530612245,1.062411559110842,0.32666666666666666,0.8571428571428571,1.7960567129267901,2.02239511581073,0.792307692307692,0.247041420118343,0.888083984620775,-0.06912178290959
129,11123,Low,Low,30,3.78,1.1084980246660052,0.3333333333333333,0.56,1.1411983418695901,0.291627251366553,0.5576923076923079,0.3920118343195271,3.91320885315752,0.0975905521273544
130,11123,Low,Low,60,4.75,1.0418757889701737,0.32,0.75,1.14806787138008,1.2898709403966202,0.665064102564103,0.279585798816568,0.8900641416319219,0.15615905908364003
131,11123,Low,Low,90,4.163265306122449,1.0926246192502729,0.32666666666666666,0.7346938775510204,0.934835944331332,1.22061869749462,0.712307692307692,0.383136094674556,0.765870575512344,-0.161883865441375
132,11124,High,High,30,4.0,1.223267822388152,0.31333333333333335,0.7659574468085106,0.641291326252411,1.38248782437502,0.626602564102564,0.315384615384615,0.46386761239095897,0.0809493020011762
133,11124,High,High,60,5.476190476190476,1.102400913130623,0.28,0.7857142857142857,2.15241091969062,1.63050533022722,0.8186813186813191,0.275919732441472,1.3200882449066698,-0.36450845249825103
134,11124,High,High,90,5.5625,1.260549649058703,0.32,0.875,2.7369400844440097,2.19092923112236,0.868343195266272,0.20352564102564105,1.24921428112123,-0.20831805654230498
135,11124,High,Low,30,4.375,1.1597094369308252,0.32,0.7708333333333334,2.0210983684985604,1.4789311541598302,0.668269230769231,0.196745562130177,1.366593950512,0.36537016688219304
136,11124,High,Low,60,5.083333333333333,1.080489825929817,0.32,0.8333333333333334,2.34049313464331,1.93265131125918,0.7766272189349109,0.18429487179487197,1.2110271113098101,0.291835905433507
137,11124,High,Low,90,4.74468085106383,1.1890754779396957,0.31333333333333335,0.7659574468085106,2.04175542147206,1.56364234916249,0.684615384615385,0.197115384615385,1.30576881763636,0.47634038648185
138,11124,Low,High,30,4.38,1.3319242112047507,0.3333333333333333,0.82,1.5088012772405701,1.8616674349430902,0.7381656804733729,0.261834319526627,0.810456931738024,0.372948954631944
139,11124,Low,High,60,5.408163265306122,1.1753060209048272,0.32666666666666666,0.8979591836734694,2.37804005617529,2.49684936959263,0.844615384615385,0.18195266272189398,0.9524163071812679,-0.306348909800538
140,11124,Low,High,90,5.260869565217392,1.1975056693700026,0.30666666666666664,0.9130434782608695,1.69454394028395,2.5885929961226,0.818910256410256,0.1875,0.654619688310279,-0.23982404629124698
141,11124,Low,Low,30,4.183673469387755,1.2692842814467442,0.32666666666666666,0.8367346938775511,1.30518591454118,1.8574408628385901,0.727692307692308,0.26775147928994103,0.7026796603077661,0.013355343576481
142,11124,Low,Low,60,4.775510204081633,1.2784290590025194,0.32666666666666666,0.8979591836734694,1.56675061277997,2.38638730950671,0.8076923076923079,0.24408284023668603,0.6565366009693671,-0.0883579107912452
143,11124,Low,Low,90,5.48,1.1775476238362899,0.3333333333333333,0.88,3.0905059320836497,2.24585844709926,0.832840236686391,0.13757396449704098,1.3760911495002401,0.18085344855385502
144,11125,High,High,30,3.8958333333333335,1.7256582773770788,0.32,0.625,1.1013685804926998,0.6101299432155389,0.594551282051282,0.353550295857988,1.80513772965838,0.25281979123182896
145,11125,High,High,60,5.2,1.8778359284588078,0.3333333333333333,0.78,0.8976989708799531,1.4755842794780298,0.67603550295858,0.26775147928994103,0.608368483837129,0.0633023895429342
146,11125,High,High,90,5.458333333333333,1.7588931887030412,0.32,0.875,1.80846933928143,2.19092923112236,0.7804487179487181,0.178994082840237,0.825434849100533,0.20831805654230498
147,11125,High,Low,30,3.24,1.7282888525551243,0.3333333333333333,0.56,0.504168510806147,0.33038728731306605,0.47781065088757396,0.37426035502958604,1.52599246449943,0.509296106539549
148,11125,High,Low,60,5.065217391304348,1.7808671530665379,0.30666666666666664,0.6956521739130435,1.3395909460236202,1.0185922130790999,0.643491124260355,0.298951048951049,1.31513959052777,0.16519364365653302
149,11125,High,Low,90,5.94,1.5897403076933188,0.3333333333333333,0.8,2.9975015868869503,1.66272050680171,0.717455621301775,0.125739644970414,1.80276936179294,0.273475490561256
150,11125,Low,High,30,4.74,1.9519815769908744,0.3333333333333333,0.8,1.1949078613529,1.66272050680171,0.634615384615385,0.20857988165680497,0.7186462526112359,0.273475490561256
151,11125,Low,High,60,5.755102040816326,1.4159606619923584,0.32666666666666666,0.8367346938775511,2.8241521664927,1.8770289581508002,0.832840236686391,0.207692307692308,1.50458635932553,-0.166321264886713
152,11125,Low,High,90,5.18,1.6136779001853938,0.3333333333333333,0.8,1.8690951229899901,1.6165655251918603,0.7766272189349109,0.261834319526627,1.15621364792384,-0.13379301239984698
153,11125,Low,Low,30,4.04,1.733954373636152,0.3333333333333333,0.64,0.8583725419336792,0.6918296611165661,0.6020710059171601,0.3920118343195271,1.2407281592239399,0.10251065274765199
154,11125,Low,Low,60,5.148936170212766,1.7285663461534568,0.31333333333333335,0.723404255319149,1.3854318683468703,1.21403622565354,0.58695652173913,0.211538461538462,1.1411783594851599,0.497817631135339
155,11125,Low,Low,90,4.48,1.700965036126945,0.3333333333333333,0.82,0.8384747789156021,1.77932549415819,0.670118343195266,0.25,0.471231813217114,0.215172996883014
156,11126,High,High,30,2.5833333333333335,2.090473165779258,0.32,0.4791666666666667,1.2293437199731598,-0.11894489268487599,0.5,0.367692307692308,-10.335405684295301,0.583872959050479
157,11126,High,High,60,3.8085106382978724,2.003727710329258,0.31333333333333335,0.7446808510638298,1.10919529649747,1.26599455656956,0.672307692307692,0.33493589743589697,0.8761453915750129,0.108596765576738
158,11126,High,High,90,5.142857142857143,1.6827670389557168,0.32666666666666666,0.7551020408163265,2.5788162858887995,1.317835155589,0.779585798816568,0.256923076923077,1.9568580144124401,-0.0155721724015824
159,11126,High,Low,30,2.36,1.9078044524012512,0.3333333333333333,0.62,0.4787202325031839,0.62626667664016,0.539940828402367,0.40384615384615397,0.764403169383778,0.36135641187600204
160,11126,High,Low,60,4.28,1.8911848633142656,0.3333333333333333,0.7,1.4098952255638502,1.00631024614553,0.6849112426035501,0.353550295857988,1.4010542285186598,0.054729639766832004
161,11126,High,Low,90,4.673913043478261,1.7884943033723175,0.30666666666666664,0.8478260869565217,2.29564349991988,1.94161901078893,0.7516025641025642,0.171474358974359,1.18233468418045,0.0836629463755885
162,11126,Low,High,30,3.82,1.7275760740030819,0.3333333333333333,0.68,0.5456666922626571,1.05661267040619,0.581360946745562,0.326923076923077,0.516430199585709,0.576529408759016
163,11126,Low,High,60,4.673469387755102,1.7028495169543019,0.32666666666666666,0.6326530612244898,1.5129885325259,0.655867307252036,0.5754437869822491,0.28153846153846196,2.3068515777452703,0.0845294758153868
164,11126,Low,High,90,5.851063829787234,1.8494620965320792,0.31333333333333335,0.9148936170212766,2.4979331891253302,2.5397131266077,0.832307692307692,0.12339743589743599,0.983549347741423,-0.0116950022407522
165,11126,Low,Low,30,1.72,2.1134802282185774,0.3333333333333333,0.54,0.39542289939613595,0.20502130549530398,0.48668639053254403,0.42159763313609494,1.92869174469867,0.34591483055828304
166,11126,Low,Low,60,5.645833333333333,1.7062135990854586,0.32,0.8541666666666666,1.6396421086850899,1.9956844286577702,0.8076923076923079,0.241538461538462,0.821593877839621,-0.082477126486071
167,11126,Low,Low,90,5.931818181818182,1.8637751247515553,0.29333333333333333,0.8181818181818182,2.7764906160602796,1.71450864044236,0.8076923076923079,0.195652173913043,1.61940893767903,0.0
168,11127,High,High,30,2.2888888888888888,1.484689279946906,0.3,0.6,0.912857630303202,0.653058862717276,0.533653846153846,0.3528428093645479,1.39781830156158,0.7006248415563621
169,11127,High,High,60,5.224489795918367,1.3867326233994388,0.32666666666666666,0.7959183673469388,2.60428464390327,1.5898548380389,0.788461538461538,0.204615384615385,1.63806442046979,0.120437668823366
170,11127,High,High,90,6.25531914893617,1.3320241435030766,0.31333333333333335,0.9787234042553191,3.4158548056474705,3.5916077262982404,0.9118589743589741,0.0723076923076923,0.9510656691809949,-0.241030268552267
171,11127,High,Low,30,3.2708333333333335,1.3493751593978232,0.32,0.6666666666666666,1.6965500068639199,0.845238884534768,0.635384615384615,0.318461538461538,2.00718404927351,0.22072596312553303
172,11127,High,Low,60,5.081632653061225,1.3103476041760589,0.32666666666666666,0.8775510204081632,2.10136277577665,2.3466381794057303,0.74,0.13757396449704098,0.8954779625672009,0.40112587551417894
173,11127,High,Low,90,5.808510638297872,1.2250391778507037,0.31333333333333335,0.9574468085106383,3.0088177998094903,3.31838569724599,0.9086538461538459,0.130769230769231,0.906711297094422,-0.37764128307839295
174,11127,Low,High,30,1.9361702127659575,1.6806808685360008,0.31333333333333335,0.5957446808510638,0.5875961819236589,0.509860889674863,0.564615384615385,0.43108974358974395,1.1524637284855601,0.35536416534890103
175,11127,Low,High,60,3.7916666666666665,1.5101990732055128,0.32,0.7083333333333334,1.47233139860175,1.11725856698466,0.595384615384615,0.263076923076923,1.31780721321778,0.3567358043504821
176,11127,Low,High,90,6.1020408163265305,1.2077605026315723,0.32666666666666666,0.8775510204081632,3.33313529862095,2.3466381794057303,0.88905325443787,0.16461538461538502,1.4203873983952,-0.40112587551417894
177,11127,Low,Low,30,2.26,1.61756402791616,0.3333333333333333,0.58,0.657546488122598,0.392325536438938,0.54585798816568,0.42455621301775104,1.6760226573345602,0.147939694663547
178,11127,Low,Low,60,4.553191489361702,1.5787231790127407,0.31333333333333335,0.8723404255319149,1.1791178028966203,2.16103699232467,0.773668639053254,0.265886287625418,0.545625922686416,-0.223264175941154
179,11127,Low,Low,90,6.1,1.2692255377041874,0.3333333333333333,0.96,2.70468883268603,3.14888993043409,0.892011834319527,0.11094674556213001,0.8589340664293,0.0
180,11128,High,High,30,2.5405405405405403,1.7711255236681611,0.24666666666666667,0.5675675675675675,0.28668954658859497,0.329700903348166,0.521153846153846,0.435222672064777,0.86954431630977,0.102143673730869
181,11128,High,High,60,3.5833333333333335,1.456275188960717,0.32,0.7083333333333334,0.625101867107573,1.18075306132643,0.5676923076923079,0.309230769230769,0.529409482458043,0.489942810151743
182,11128,High,High,90,4.488888888888889,1.3570803695256473,0.3,0.8,1.55731204591404,1.6415465775457998,0.767482517482518,0.303076923076923,0.9486858717358491,-0.17742788337998497
183,11128,High,Low,30,3.4146341463414633,1.5016012824380596,0.2733333333333333,0.7317073170731707,0.5840735611462421,1.1916008477298101,0.6098901098901099,0.34440559440559404,0.490158732480761,0.229694067064333
184,11128,High,Low,60,4.170212765957447,1.4776771636243209,0.31333333333333335,0.7021276595744681,1.0105292184064,1.01744081559064,0.690769230769231,0.3958333333333329,0.9932068803626409,-0.13462499759759697
185,11128,High,Low,90,3.5,1.2154880567086366,0.30666666666666664,0.8043478260869565,1.07901839874697,1.6704996783079198,0.6815384615384621,0.306020066889632,0.6459255351907239,0.19190443376104102
186,11128,Low,High,30,3.617021276595745,1.386156245258462,0.31333333333333335,0.8085106382978723,-0.19685240937853302,1.69061395100129,0.65224358974359,0.35846153846153794,-0.11643841532358401,0.235012365314312
187,11128,Low,High,60,4.239130434782608,1.4055708524556394,0.30666666666666664,0.8478260869565217,0.235368108486588,1.94161901078893,0.7516025641025642,0.35096153846153805,0.121222601951632,-0.0836629463755885
188,11128,Low,High,90,3.25,1.4228562977732508,0.32,0.6666666666666666,0.22016325151248298,0.979885620303486,0.496923076923077,0.33076923076923104,0.224682602694276,0.5903765306632129
189,11128,Low,Low,30,1.8461538461538463,1.3832789734588005,0.26,0.5897435897435898,0.39751917575896295,0.45376219016987895,0.525641025641026,0.440384615384615,0.8760517830058501,0.22688109508494
190,11128,Low,Low,60,3.0930232558139537,1.3738977649409208,0.2866666666666667,0.6511627906976745,0.9668632213931899,0.7415940438615172,0.554945054945055,0.34775641025640996,1.30376346654389,0.370797021930758
191,11128,Low,Low,90,2.96,1.534308474718273,0.3333333333333333,0.7,0.8217190920221229,1.1530588175180299,0.572485207100592,0.329881656804734,0.7126428240589491,0.528306335203094
192,11129,High,High,30,4.14,1.3302215553831047,0.3333333333333333,0.78,1.0420191724287602,1.49996053783537,0.6819526627218929,0.30029585798816605,0.694697724469817,0.19209550607808898
193,11129,High,High,60,4.918367346938775,1.1783542800876603,0.32666666666666666,0.7346938775510204,1.30434754115018,1.25946755072583,0.6227810650887571,0.241538461538462,1.03563409823341,0.285631312479899
194,11129,High,High,90,5.24,1.2107058635210706,0.3333333333333333,0.8,1.9886793115592,1.6021890585639,0.7352071005917159,0.21745562130177498,1.2412263714631298,0.0
195,11129,High,Low,30,3.86,1.3258334672682395,0.3333333333333333,0.64,0.8032770830217171,0.688204925766031,0.605029585798817,0.39792899408284,1.16720623893762,8.32667268468867e-17
196,11129,High,Low,60,3.9591836734693877,1.0796448338551272,0.32666666666666666,0.8367346938775511,0.679891154927754,1.8574408628385901,0.711538461538462,0.321538461538462,0.366036501366039,-0.0133553435764807
197,11129,High,Low,90,5.142857142857143,1.2798922362417215,0.32666666666666666,0.8367346938775511,1.73515941309838,1.8770289581508002,0.758461538461539,0.21745562130177498,0.9244180307201091,0.166321264886713
198,11129,Low,High,30,4.06,1.3265255972619343,0.3333333333333333,0.66,0.7905580273810879,0.819610691406856,0.678994082840237,0.43934911242603497,0.964553092913053,-0.26468440449265396
199,11129,Low,High,60,4.04,1.302123162888165,0.3333333333333333,0.76,0.49847749860611296,1.3589792921215502,0.61094674556213,0.30029585798816605,0.366802865574149,0.12160488322117599
200,11129,Low,High,90,4.591836734693878,1.1242930730222724,0.32666666666666666,0.7346938775510204,1.3192301342327601,1.2012301682325202,0.690828402366864,0.318461538461538,1.0982326028107199,0.0427303212766591
201,11129,Low,Low,30,3.836734693877551,1.3082514406414705,0.32666666666666666,0.46938775510204084,1.08452004464752,-0.14297045729916102,0.5014792899408279,0.435384615384615,-7.585623387761821,0.17191894916105
202,11129,Low,Low,60,4.428571428571429,1.1930925587112142,0.32666666666666666,0.673469387755102,1.18870228426716,0.8608886127473392,0.640532544378698,0.36153846153846203,1.3807852336130602,-0.017981176932265
203,11129,Low,Low,90,4.32,1.3645512030216196,0.3333333333333333,0.8,1.1282126289141399,1.6165655251918603,0.673076923076923,0.26775147928994103,0.6979071440857579,0.13379301239984698
204,11130,High,High,30,3.82,1.556622861256983,0.3333333333333333,0.68,0.641554743532364,1.05661267040619,0.5340236686390529,0.29733727810650895,0.607180626828689,0.576529408759016
205,11130,High,High,60,5.791666666666667,1.11920476582236,0.32,0.8333333333333334,3.35235564332136,1.8307301756856298,0.844615384615385,0.18,1.83115769207544,1.11022302462516e-16
206,11130,High,High,90,5.541666666666667,1.2396402855756605,0.32,0.8958333333333334,2.99729453228413,2.46159152423592,0.8317307692307689,0.122781065088757,1.2176246557456298,0.34364920309908303
207,11130,High,Low,30,3.16,1.2779109102903021,0.3333333333333333,0.62,0.7047820209681469,0.593546424516709,0.596153846153846,0.430473372781065,1.1874084180391002,0.15165227104757997
208,11130,High,Low,60,6.183673469387755,1.166823378069239,0.32666666666666666,0.9183673469387755,3.10375645738856,2.5853342376480897,0.883136094674556,0.12769230769230802,1.20052425415295,-0.0111155532794432
209,11130,High,Low,90,6.66,0.9728298999580147,0.3333333333333333,0.94,5.235208066133519,2.87822763732053,0.921597633136095,0.0428994082840237,1.81889993628412,0.135331146556778
210,11130,Low,High,30,4.48,1.4659928236742417,0.3333333333333333,0.78,1.2467811025868998,1.49996053783537,0.729289940828402,0.30325443786982204,0.831209269269282,0.19209550607808898
211,11130,Low,High,60,6.0,1.2838603295604116,0.3333333333333333,0.96,2.99976929797464,3.14888993043409,0.9275147928994079,0.143491124260355,0.952643428079783,0.0
212,11130,Low,High,90,4.061224489795919,1.3193874621247232,0.32666666666666666,0.7959183673469388,0.8165112233140831,1.58542118038869,0.684615384615385,0.31508875739645,0.515012183143599,0.14936518480143
213,11130,Low,Low,30,3.66,1.3441103299610402,0.3333333333333333,0.78,1.31834068967895,1.55326122726805,0.687869822485207,0.29437869822485196,0.8487565816586559,0.328205130328088
214,11130,Low,Low,60,4.42,1.4657677816121577,0.3333333333333333,0.78,1.22392676060008,1.4755842794780298,0.7144970414201179,0.30325443786982204,0.8294522906092661,0.0633023895429342
215,11130,Low,Low,90,5.6,1.4307144724680256,0.3333333333333333,0.88,2.4592273820821897,2.24585844709926,0.859467455621302,0.19970414201183398,1.09500551348573,-0.18085344855385502
216,11131,High,High,30,2.66,1.1074471262400039,0.3333333333333333,0.6,0.979177435432958,0.8999552150209609,0.569526627218935,0.37426035502958604,1.08802906976893,1.12446735770656
217,11131,High,High,60,4.295454545454546,1.486358382506296,0.29333333333333333,0.8181818181818182,0.599761380449654,1.7397952160144,0.7131410256410259,0.33041958041958003,0.344731020598857,0.128303564145685
218,11131,High,High,90,4.3061224489795915,1.2645226195745636,0.32666666666666666,0.7142857142857143,1.64813366543199,1.47401124470557,0.656923076923077,0.235207100591716,1.11812828521616,0.837439342864256
219,11131,High,Low,30,1.78,1.1152071626056568,0.3333333333333333,0.62,0.45114540005563497,1.39541208069897,0.566568047337278,0.433431952662722,0.323306216346969,1.37219579054557
220,11131,High,Low,60,5.0,1.5823368425772062,0.3,0.7111111111111111,1.26298346830474,1.28573974234463,0.5432692307692311,0.19230769230769199,0.982301026179381,0.590624690796375
221,11131,High,Low,90,4.829268292682927,1.4328107791952789,0.2733333333333333,0.7804878048780488,2.04066851413459,1.46297865189161,0.7893772893772891,0.31993006993007,1.3948723800556102,0.0940051649834293
222,11131,Low,High,30,2.4,1.3092343775060726,0.3333333333333333,0.48,1.25442360841887,-0.270662293113556,0.460059171597633,0.350591715976331,-4.634644870508731,1.4391138186602601
223,11131,Low,High,60,4.439024390243903,1.4865454099781346,0.2733333333333333,0.5853658536585366,1.5087546883231597,0.44020089632318,0.596153846153846,0.37912087912087894,3.42742302645264,0.27710012251996397
224,11131,Low,High,90,3.5510204081632653,1.3884740386274643,0.32666666666666666,0.6530612244897959,1.54814700546646,0.998301884004089,0.555384615384615,0.238165680473373,1.5507804104876501,0.8046317301014421
225,11131,Low,Low,30,2.122448979591837,0.950497066427488,0.32666666666666666,0.5714285714285714,0.5162008131637971,0.659079877374228,0.5092307692307689,0.40680473372781106,0.7832143430328029,1.24490502652993
226,11131,Low,Low,60,4.0,1.3785312664767844,0.30666666666666664,0.6521739130434783,1.79148014155085,1.03160108282684,0.58,0.235785953177258,1.73660164900347,0.7176940205552711
227,11131,Low,Low,90,3.0416666666666665,1.1974543410760816,0.32,0.6458333333333334,0.660454970774814,1.5884086483954498,0.572485207100592,0.344551282051282,0.41579663485336604,1.24262980750366
228,11132,High,High,30,4.333333333333333,1.65336432273034,0.3,0.6888888888888889,1.2237493217285,1.07939945329094,0.588141025641026,0.269230769230769,1.1337316486472702,0.48745454626953005
229,11132,High,High,60,4.595744680851064,1.3177051804668736,0.31333333333333335,0.7021276595744681,1.63404844251035,1.2581615610631,0.623076923076923,0.22275641025641002,1.2987588343818501,0.6290807805315479
230,11132,High,High,90,5.021739130434782,1.4202746379378368,0.30666666666666664,0.782608695652174,1.94732077734709,1.48129571759771,0.737458193979933,0.250769230769231,1.31460636401836,0.0315453553898304
231,11132,High,Low,30,4.239130434782608,1.5967217322031502,0.30666666666666664,0.6521739130434783,1.11310685746596,0.897161767159882,0.559294871794872,0.296474358974359,1.2406980526931002,0.605891568190112
232,11132,High,Low,60,5.244897959183674,1.3488655666296836,0.32666666666666666,0.8163265306122449,1.86374032739979,1.8281831848115302,0.749230769230769,0.20857988165680497,1.01944944187413,0.38969107969772293
233,11132,High,Low,90,5.617021276595745,1.2712104953243395,0.31333333333333335,0.8297872340425532,2.93777651020603,1.90150696645601,0.783076923076923,0.145833333333333,1.54497278318227,0.30740807783509
234,11132,Low,High,30,3.693877551020408,1.5355311425810214,0.32666666666666666,0.6530612244897959,0.6319555132146091,0.841642054484306,0.552307692307692,0.33875739644970393,0.7508601903238101,0.521254747753623
235,11132,Low,High,60,4.391304347826087,1.3829585572893848,0.30666666666666664,0.7391304347826086,1.19088798511863,1.22293742680404,0.7040133779264208,0.333846153846154,0.973793064973756,0.160724500786663
236,11132,Low,High,90,6.05,1.3151517630394662,0.26666666666666666,0.875,3.1147741796117203,2.14855055252889,0.8409090909090909,0.140384615384615,1.44970951507078,0.0760741041115606
237,11132,Low,Low,30,4.16,1.4074081024737097,0.3333333333333333,0.78,0.790189053193558,1.55326122726805,0.631656804733728,0.270710059171598,0.508729014361211,0.328205130328088
238,11132,Low,Low,60,5.0,1.3459809219493764,0.3333333333333333,0.74,1.6873140888018001,1.3482399217727399,0.652366863905326,0.226331360946746,1.25149393780243,0.43071578307574
239,11132,Low,Low,90,5.659574468085107,1.313731736387126,0.31333333333333335,0.7659574468085106,3.13538369417068,1.38493944925443,0.818910256410256,0.235384615384615,2.2639139175785497,-0.0491243192342998
240,11133,High,High,30,3.56,1.5522204460430657,0.3333333333333333,0.72,0.8525681614940039,1.14519699216497,0.6020710059171601,0.326923076923077,0.744472931143703,0.22849603319946699
241,11133,High,High,60,5.32,1.2211186103886575,0.3333333333333333,0.88,1.9116406281260703,2.24585844709926,0.82396449704142,0.21745562130177498,0.8511848244911121,-0.18085344855385502
242,11133,High,High,90,5.666666666666667,1.1296215917682275,0.32,0.8958333333333334,3.4119520617448504,2.36187090635956,0.887692307692308,0.14615384615384602,1.44459718461236,0.10061611236482301
243,11133,High,Low,30,4.416666666666667,1.6389599732356146,0.32,0.8125,1.7252561943489297,1.6875583020315001,0.7369230769230769,0.253846153846154,1.02233871995537,0.0715859368270646
244,11133,High,Low,60,5.0,1.116757277151919,0.3333333333333333,0.86,1.9122992897799997,2.10487720138544,0.7470414201183431,0.16715976331360902,0.90850871895107,0.251344071410768
245,11133,High,Low,90,5.08,1.1095426039246377,0.3333333333333333,0.9,1.73229617634513,2.4086184160656003,0.797337278106509,0.19970414201183398,0.7192073949076501,0.0994734640706881
246,11133,Low,High,30,3.66,1.4582845313561847,0.3333333333333333,0.66,0.9439527883839629,0.80128894065023,0.584319526627219,0.33875739644970393,1.1780429511706,0.15724029251448401
247,11133,Low,High,60,4.54,1.4346598810589057,0.3333333333333333,0.82,1.30890963711054,1.74317030427773,0.7470414201183431,0.30029585798816605,0.7508788062178909,-0.0704906228569128
248,11133,Low,High,90,5.14,1.174165570322657,0.3333333333333333,0.82,2.56751778803205,1.8616674349430902,0.8713017751479291,0.30029585798816605,1.3791495408042902,-0.372948954631944
249,11133,Low,Low,30,4.42,1.7467224476931733,0.3333333333333333,0.74,0.858559256373537,1.2323745130356798,0.664201183431953,0.341715976331361,0.696670733849134,0.0583024936782415
250,11133,Low,Low,60,4.26,1.4687097894857288,0.3333333333333333,0.8,1.7560310614316001,1.66272050680171,0.690828402366864,0.22337278106508898,1.0561192059929398,0.273475490561256
251,11133,Low,Low,90,5.204081632653061,1.3017266517999817,0.32666666666666666,0.7959183673469388,2.4114833886447204,1.5732877434706298,0.782544378698225,0.22,1.53276690716795,-0.0144506575466326
252,11134,High,High,30,5.333333333333333,1.2044716483869706,0.32,0.7291666666666666,2.1904911820393402,1.16326616131075,0.700320512820513,0.26775147928994103,1.8830524388082701,0.0928566695407061
253,11134,High,High,60,5.938775510204081,0.9292302855610616,0.32666666666666666,0.8163265306122449,2.8027751752239705,1.8281831848115302,0.727692307692308,0.122781065088757,1.53309318153089,0.38969107969772293
254,11134,High,High,90,5.46,0.9976735494565221,0.3333333333333333,0.88,2.17997123982045,2.37553949449899,0.770710059171598,0.13757396449704098,0.9176741724852749,0.386675217967546
255,11134,High,Low,30,5.404255319148936,1.1727059102704516,0.31333333333333335,0.8297872340425532,1.8729565268819401,1.80251164686169,0.8015384615384621,0.26121794871794896,1.03908151170224,-0.014109264411969
256,11134,High,Low,60,5.551020408163265,0.9871981059841346,0.32666666666666666,0.8775510204081632,3.0264541939282297,2.22362734054038,0.821005917159763,0.14,1.3610437948621201,0.169737895274413
257,11134,High,Low,90,6.104166666666667,0.8991169946093578,0.32,0.9166666666666666,3.81735649351189,2.9691139984746404,0.850769230769231,0.0538461538461538,1.2856887594996498,0.569191911394504
258,11134,Low,High,30,5.3,1.1476308026904007,0.3333333333333333,0.8,2.18127902813773,1.6165655251918603,0.8180473372781071,0.279585798816568,1.34932917604985,-0.13379301239984698
259,11134,Low,High,60,5.816326530612245,1.120584371528821,0.32666666666666666,0.8775510204081632,1.49936038515057,2.2191477599462996,0.804615384615385,0.18786982248520698,0.675646936275597,0.194208792130336
260,11134,Low,High,90,5.469387755102041,0.9677575512469048,0.32666666666666666,0.8367346938775511,2.71489838482176,1.8770289581508002,0.8015384615384621,0.17603550295858,1.44638066079514,0.166321264886713
261,11134,Low,Low,30,4.387755102040816,1.1589165900659282,0.32666666666666666,0.6326530612244898,0.9760472508920792,0.6695214539188149,0.5340236686390529,0.306153846153846,1.45782819232919,0.189639785748633
262,11134,Low,Low,60,5.42,1.0361719430438825,0.3333333333333333,0.88,1.93097024570499,2.37553949449899,0.7855029585798821,0.17011834319526598,0.8128554588027321,0.386675217967546
263,11134,Low,Low,90,5.877551020408164,0.958929742933833,0.32666666666666666,0.8163265306122449,3.58152577394485,2.00319907790279,0.75,0.0815384615384615,1.78790306637644,0.553174055645459
264,11135,High,High,30,3.6808510638297873,1.7795667827595023,0.31333333333333335,0.6595744680851063,1.17034400088677,0.794846675498375,0.6204013377926422,0.365384615384615,1.47241479012661,-0.0533208748661717
265,11135,High,High,60,5.163265306122449,1.4975588583038189,0.32666666666666666,0.8979591836734694,2.06791876661867,2.49684936959263,0.7855029585798821,0.15230769230769198,0.828211261681381,0.306348909800539
266,11135,High,High,90,4.875,1.679932785598794,0.32,0.8333333333333334,1.4282729753236598,1.8307301756856298,0.767692307692308,0.250769230769231,0.7801657471389821,1.11022302462516e-16
267,11135,High,Low,30,4.125,1.369075952723506,0.32,0.6458333333333334,1.02514493204021,0.715195447449769,0.594551282051282,0.365384615384615,1.4333773176208702,0.20028703911471402
268,11135,High,Low,60,5.5625,1.514629366400186,0.32,0.8541666666666666,2.43643107945952,2.5947188945409905,0.7470414201183431,0.0945512820512821,0.9389961604648259,0.739474684430895
269,11135,High,Low,90,5.081632653061225,1.4859605882083995,0.32666666666666666,0.8163265306122449,2.1235564505241102,1.8281831848115302,0.709230769230769,0.164201183431953,1.16156655862855,0.38969107969772293
270,11135,Low,High,30,3.7291666666666665,1.562490115298715,0.32,0.7083333333333334,1.10264144301153,1.04880102541608,0.650769230769231,0.35230769230769204,1.0513352068607,0.0
271,11135,Low,High,60,3.1458333333333335,1.5482830845357967,0.32,0.75,0.7478309486964829,1.39857491465307,0.607988165680473,0.31891025641025605,0.5347092535847391,0.355184994443519
272,11135,Low,High,90,4.0638297872340425,1.934116282325704,0.31333333333333335,0.7872340425531915,1.1433057466011398,1.8396013324519398,0.632307692307692,0.229166666666667,0.6214964766726221,0.614319878126574
273,11135,Low,Low,30,3.765957446808511,1.2959672961733304,0.31333333333333335,0.723404255319149,0.7751975136124559,1.15405717330292,0.5984615384615379,0.3125,0.6717149995210681,0.164565457210056
274,11135,Low,Low,60,4.5625,1.776003636601672,0.32,0.7708333333333334,2.0346978254057397,1.6022640239461101,0.67603550295858,0.19070512820512803,1.26988922861453,0.45702954909003995
275,11135,Low,Low,90,4.36,1.525998583980254,0.3333333333333333,0.8,1.05039222143082,1.6021890585639,0.726331360946746,0.309171597633136,0.6555981741457659,0.0
276,11136,High,High,30,3.122448979591837,1.9262365684408,0.32666666666666666,0.5306122448979592,0.45463030357291295,0.14297045729916102,0.531065088757396,0.46,3.1798898329157104,-0.17191894916105
277,11136,High,High,60,4.51063829787234,1.5946573762485057,0.31333333333333335,0.574468085106383,1.6016190513604,0.35260465950206304,0.599112426035503,0.396321070234114,4.54225152220664,-0.0671018480595997
278,11136,High,High,90,4.9,1.5235508205296355,0.3333333333333333,0.78,2.04468511292473,1.4755842794780298,0.7322485207100591,0.24408284023668603,1.3856782979878401,0.0633023895429342
279,11136,High,Low,30,3.4,1.7004271468395018,0.3333333333333333,0.66,1.0556418114989101,0.79252794618895,0.631656804733728,0.38905325443787003,1.33199317017803,0.0521615102114595
280,11136,High,Low,60,4.479166666666667,1.6680417811585357,0.32,0.7916666666666666,1.33293891421085,1.56163630921496,0.7516025641025642,0.326923076923077,0.853552716689157,-0.10632840441139697
281,11136,High,Low,90,4.458333333333333,1.3949003831949085,0.32,0.875,1.6445905122553102,2.32696680878554,0.7307692307692311,0.195384615384615,0.7067528879424091,0.391290190204084
282,11136,Low,High,30,3.02,1.8334289321064714,0.3333333333333333,0.62,0.270884535222686,0.587506640693647,0.616863905325444,0.48372781065088793,0.4610748482823329,-0.0503491425361922
283,11136,Low,High,60,4.8936170212765955,1.5600701913062949,0.31333333333333335,0.7446808510638298,2.39547761942186,1.25364001557925,0.770769230769231,0.30608974358974395,1.91081777037487,-0.016525397603292
284,11136,Low,High,90,4.1875,1.5130440989451017,0.32,0.8125,1.5023282091845802,1.68824108830083,0.6612426035502961,0.21314102564102602,0.889877766626707,0.0430260148684629
285,11136,Low,Low,30,3.2,1.928086308362254,0.3333333333333333,0.7,0.782347462023246,1.04449870709258,0.6849112426035501,0.442307692307692,0.7490171665228309,-0.278845175735659
286,11136,Low,Low,60,4.319148936170213,1.6755480488063768,0.31333333333333335,0.8085106382978723,1.0960404619503599,1.65933977320756,0.6907051282051279,0.293846153846154,0.6605280483524311,-0.0574766724150955
287,11136,Low,Low,90,4.22,1.4977251984528266,0.3333333333333333,0.74,1.6744003511088503,1.3482399217727399,0.605029585798817,0.20562130177514804,1.2419157184629699,0.43071578307574
288,11137,High,High,30,1.72,1.7477118005990633,0.3333333333333333,0.58,0.545288489234967,0.41276382162882497,0.513313609467456,0.430473372781065,1.32106657769371,0.35150285202518605
289,11137,High,High,60,3.82,1.7174667625222355,0.3333333333333333,0.92,1.18751718931661,3.0119776058908303,0.658284023668639,0.18491124260355,0.394264946390724,0.5639130279496379
290,11137,High,High,90,4.081632653061225,1.393279329553479,0.32666666666666666,0.8979591836734694,0.839083432833333,2.38638730950671,0.7440828402366859,0.27846153846153804,0.351612426654573,0.0883579107912452
291,11137,High,Low,30,2.7142857142857144,1.4802734130062165,0.32666666666666666,0.673469387755102,0.985995684375985,0.90152824979342,0.628698224852071,0.392307692307692,1.09369360816139,-0.35033040438524
292,11137,High,Low,60,4.1063829787234045,1.36367092274304,0.31333333333333335,0.8936170212765957,1.4924581287693501,2.45446536106346,0.797658862876254,0.28254437869822496,0.60805833826178,-0.28515690553595197
293,11137,High,Low,90,3.3,1.5571967243595282,0.3333333333333333,0.72,1.74756872180319,1.18547995280641,0.640532544378698,0.279585798816568,1.4741444742832899,0.34933579859257197
294,11137,Low,High,30,1.653061224489796,1.6559448272164443,0.32666666666666666,0.6122448979591837,0.279784575519237,0.548884965910029,0.5215384615384621,0.433431952662722,0.5097326268635639,-0.0310383051443831
295,11137,Low,High,60,3.54,1.7932282899710117,0.3333333333333333,0.86,0.820698779176078,2.04691151895789,0.702662721893491,0.30325443786982204,0.40094492193483205,0.0813799844831674
296,11137,Low,High,90,2.76,1.735367826586298,0.3333333333333333,0.72,0.8748198742124801,1.14519699216497,0.6612426035502961,0.40976331360946705,0.7639033984525709,-0.22849603319946699
297,11137,Low,Low,30,2.24,1.7883272397011751,0.3333333333333333,0.58,0.565442240353797,0.392325536438938,0.554733727810651,0.4482248520710061,1.4412578020951798,0.147939694663547
298,11137,Low,Low,60,2.978723404255319,1.5285069336532615,0.31333333333333335,0.8085106382978723,-0.0674969118274732,1.96081506937361,0.548816568047337,0.295986622073579,-0.0344228850959592,0.531982051380873
299,11137,Low,Low,90,3.12,1.6585516630439088,0.3333333333333333,0.76,1.05989205475377,1.3589792921215502,0.664201183431953,0.33579881656804705,0.779917737450687,-0.12160488322117599
300,11138,High,High,30,2.6666666666666665,1.628324824094307,0.3,0.5111111111111111,1.08487701924061,0.0410903120004268,0.48996655518394605,0.370192307692308,26.4022580122861,0.35355025419751
301,11138,High,High,60,1.148936170212766,1.2642568078154,0.31333333333333335,0.46808510638297873,0.0531309095964198,-0.154568994278247,0.47846153846153794,0.4791666666666671,-0.34373588211861106,0.566060908253793
302,11138,High,High,90,3.74468085106383,1.7243646932620322,0.31333333333333335,0.7446808510638298,1.60351435492416,1.26599455656956,0.696923076923077,0.3125,1.26660446255722,0.108596765576738
303,11138,High,Low,30,2.3404255319148937,1.7080176248273349,0.31333333333333335,0.6170212765957447,0.792736889034789,0.5892101316261391,0.518461538461539,0.37660256410256393,1.3454230443168798,0.19417134530160002
304,11138,High,Low,60,3.744186046511628,1.23049857323349,0.2866666666666667,0.6511627906976745,1.67879780941298,0.7298168050006959,0.661172161172161,0.344551282051282,2.30030029167576,0.123868008614321
305,11138,High,Low,90,3.25,1.9326296558283504,0.29333333333333333,0.8409090909090909,0.381530594700856,1.88534773117176,0.6660839160839159,0.338141025641026,0.202366167467543,-0.0555273065670054
306,11138,Low,High,30,2.066666666666667,1.723239964136155,0.3,0.5555555555555556,0.7809395166608148,0.280759917821356,0.514423076923077,0.39297658862876295,2.78152067688564,0.192625139286618
307,11138,Low,High,60,3.96,1.3809346223133616,0.3333333333333333,0.74,1.8092714516396897,1.4489036133142599,0.631656804733728,0.19970414201183398,1.2487176062050902,0.5793308654463559
308,11138,Low,High,90,3.36734693877551,1.632449044729583,0.32666666666666666,0.7755102040816326,1.1660331952752399,1.4664762877038202,0.653846153846154,0.312130177514793,0.795125843528635,0.208837631143868
309,11138,Low,Low,30,1.829268292682927,1.4588224349136,0.2733333333333333,0.6585365853658537,0.34616471079494393,0.7760896789879058,0.54020979020979,0.4084249084249079,0.446036998258211,-0.0219384826933835
310,11138,Low,Low,60,3.1555555555555554,1.5390657305688364,0.3,0.5777777777777777,1.1325195620725,0.37703360042875106,0.6371237458193979,0.44391025641025605,3.00376295583374,-0.0312061156042046
311,11138,Low,Low,90,3.0625,1.7097587735115667,0.32,0.5625,1.83675907081325,0.30232719965332,0.595384615384615,0.36153846153846203,6.075401329815731,-0.0507298793151905
312,11139,High,High,30,3.08,1.1499657223248505,0.3333333333333333,0.66,1.53760529995572,0.9597148027513359,0.628698224852071,0.31508875739645,1.60214815437635,0.624978342586442
313,11139,High,High,60,4.166666666666667,1.142034377771779,0.32,0.875,1.12317387126032,2.20023733605887,0.773668639053254,0.302884615384615,0.5104785074105611,0.15804289303366
314,11139,High,High,90,4.82,1.0795362424323685,0.3333333333333333,0.82,2.0162488150884097,1.77932549415819,0.699704142011834,0.17603550295858,1.133153445903,0.215172996883014
315,11139,High,Low,30,2.6122448979591835,1.254776338551892,0.32666666666666666,0.7551020408163265,0.6642496159518539,1.52495574335523,0.640532544378698,0.383076923076923,0.435586159694288,0.519073693866985
316,11139,High,Low,60,5.208333333333333,1.0478942726986133,0.32,0.8125,2.0509186367797803,1.8160463239027,0.7647928994082841,0.20673076923076897,1.1293316749609899,0.35013839911174893
317,11139,High,Low,90,5.51063829787234,1.1154546612378908,0.31333333333333335,0.8297872340425532,3.12197484469902,1.82191338467647,0.8092948717948721,0.183076923076923,1.71356930080044,0.16936264847672
318,11139,Low,High,30,1.7,1.1749942015085253,0.3333333333333333,0.7,-0.0737395308795436,1.1530588175180299,0.516272189349112,0.412721893491124,-0.0639512310727292,0.528306335203094
319,11139,Low,High,60,2.979591836734694,1.2329104844247922,0.32666666666666666,0.6938775510204082,0.583970614489166,1.06048602905359,0.593195266272189,0.36153846153846203,0.550663185077808,0.38512207331602
320,11139,Low,High,90,4.76,1.1767358347497066,0.3333333333333333,0.84,1.58256086581601,2.1323297280566402,0.7085798816568051,0.18491124260355,0.742174554428934,0.508280101188722
321,11139,Low,Low,30,2.58,1.2153172297184935,0.3333333333333333,0.66,0.9442576233511729,1.23034250233403,0.53698224852071,0.321005917159763,0.767475415634155,0.959273714050029
322,11139,Low,Low,60,3.673469387755102,1.1736012798792217,0.32666666666666666,0.7142857142857143,1.9317280448566398,1.2052694644735802,0.616923076923077,0.22928994082840196,1.6027354063104498,0.50220101172532
323,11139,Low,Low,90,3.56,1.2105993573059095,0.3333333333333333,0.66,1.62631295773165,0.8938527014398541,0.584319526627219,0.264792899408284,1.81944178846461,0.495149424275849
324,11140,High,High,30,2.5869565217391304,1.5025717030875967,0.30666666666666664,0.6086956521739131,1.4671174733864498,0.5580494298103921,0.588141025641026,0.35737179487179493,2.62900989592432,0.331269895281137
325,11140,High,High,60,3.25531914893617,1.6976628026168328,0.31333333333333335,0.7446808510638298,1.4302936856116202,1.6345542648640201,0.653846153846154,0.29006410256410303,0.8750359142898292,0.7168434119205379
326,11140,High,High,90,3.5306122448979593,1.3633574415580372,0.32666666666666666,0.7755102040816326,1.0535758345907,2.1988698518426,0.687869822485207,0.29692307692307696,0.479144244807319,0.9543139847105241
327,11140,High,Low,30,2.6136363636363638,1.9253091320933888,0.29333333333333333,0.75,0.33069361483868104,1.42990865070061,0.561188811188811,0.35096153846153805,0.231269049723317,0.5432072357127921
328,11140,High,Low,60,2.5319148936170213,1.5770524461840978,0.31333333333333335,0.6595744680851063,0.884119031380347,0.9230086562047851,0.565705128205128,0.34307692307692306,0.9578664570879059,0.618815012712563
329,11140,High,Low,90,2.88,1.3646342304564314,0.3333333333333333,0.72,1.26822238987661,1.3520057456594101,0.640532544378698,0.33579881656804705,0.9380303256463329,0.627779799273782
330,11140,Low,High,30,2.5813953488372094,1.7023612574848812,0.2866666666666667,0.6511627906976745,0.307764815073327,0.800254645862804,0.564685314685315,0.41304347826086996,0.3845836030623811,0.45712699728977596
331,11140,Low,High,60,2.74,1.5351152237781207,0.3333333333333333,0.74,0.8535940699734791,2.0216787573391297,0.613905325443787,0.33284023668639096,0.42222042788684794,1.0590624522254901
332,11140,Low,High,90,3.02,1.3862095569857047,0.3333333333333333,0.64,1.00763457583552,0.9596802092204709,0.566568047337278,0.32396449704141994,1.04996911070408,0.823942567493251
333,11140,Low,Low,30,2.347826086956522,1.4659297862381209,0.30666666666666664,0.6956521739130435,0.70746101150827,1.72074381243453,0.576923076923077,0.370769230769231,0.41113674586302706,1.19337700441456
334,11140,Low,Low,60,2.44,1.3779750705434708,0.3333333333333333,0.68,0.492021799872144,1.33104078740641,0.605029585798817,0.400887573964497,0.36965193292901893,0.908924571513837
335,11140,Low,Low,90,2.7346938775510203,1.1669359793013427,0.32666666666666666,0.6122448979591837,1.61582110756118,1.37925916043574,0.560650887573965,0.290769230769231,1.17151377631648,1.36411933041395
336,11141,High,High,30,4.46,1.4723244243650697,0.3333333333333333,0.72,1.19120058952297,1.18547995280641,0.560650887573965,0.22337278106508898,1.00482558705698,0.34933579859257197
337,11141,High,High,60,4.934782608695652,1.505874844326172,0.30666666666666664,0.8478260869565217,1.7024903176306,1.9906540689536203,0.7040133779264208,0.186153846153846,0.855241673670357,0.28622453106778806
338,11141,High,High,90,5.729166666666667,1.4153155295061879,0.32,0.875,1.75779350538277,2.20023733605887,0.7647928994082841,0.16826923076923098,0.798910861376156,0.15804289303366
339,11141,High,Low,30,3.9,1.4302528656553477,0.3333333333333333,0.72,0.32089123247396695,1.14519699216497,0.596153846153846,0.31804733727810697,0.28020614328311405,0.22849603319946699
340,11141,High,Low,60,5.4375,1.3318040709709749,0.32,0.9166666666666666,2.28230560668463,2.5631031310892003,0.844615384615385,0.176923076923077,0.8904462637501271,0.0
341,11141,High,Low,90,5.58,1.3383569298894145,0.3333333333333333,0.92,2.52002690974522,2.67928070917915,0.829881656804734,0.125739644970414,0.940560987548512,0.234804610627466
342,11141,Low,High,30,5.083333333333333,1.3662403851631097,0.32,0.8125,1.74142175649938,1.6875583020315001,0.761538461538461,0.24769230769230802,1.03191798138354,0.0715859368270646
343,11141,Low,High,60,6.16,1.3432263812283054,0.3333333333333333,0.94,2.1741305315818,3.1747375748571605,0.9186390532544381,0.178994082840237,0.6848221247640028,-0.48253304346646997
344,11141,Low,High,90,5.44,1.5690363979083486,0.3333333333333333,0.78,2.15728135636879,1.4755842794780298,0.7943786982248521,0.26775147928994103,1.46198450767712,-0.0633023895429342
345,11141,Low,Low,30,4.86,1.486562091682572,0.3333333333333333,0.76,1.5078412845334899,1.3589792921215502,0.7381656804733729,0.32396449704141994,1.10953955904622,-0.12160488322117599
346,11141,Low,Low,60,5.36,1.3705843630596064,0.3333333333333333,0.78,1.540893888335,1.4755842794780298,0.7440828402366859,0.264792899408284,1.04426016850767,0.0633023895429342
347,11141,Low,Low,90,5.12,1.4674291485571302,0.3333333333333333,0.74,2.0720679341662698,1.2495200125878798,0.7529585798816569,0.31508875739645,1.6582911144214498,-0.176334522988008
348,11142,High,High,30,3.42,1.370966365619097,0.3333333333333333,0.66,0.734581704608747,0.819610691406856,0.5576923076923079,0.341715976331361,0.896256859885323,0.26468440449265396
349,11142,High,High,60,4.836734693877551,1.2621696749702096,0.32666666666666666,0.8367346938775511,0.940260569195387,2.0988454779250802,0.650769230769231,0.18786982248520698,0.44798942041456397,0.525022226254501
350,11142,High,High,90,5.46,1.16784496960463,0.3333333333333333,0.78,1.8195252683123502,1.4755842794780298,0.7618343195266271,0.261834319526627,1.2330880002028601,0.0633023895429342
351,11142,High,Low,30,3.84,1.4204063268261962,0.3333333333333333,0.7,1.32025647640718,1.0185922130790999,0.7085798816568051,0.38905325443787003,1.2961580301268798,-0.16519364365653302
352,11142,High,Low,60,4.040816326530612,1.3465031863888726,0.32666666666666666,0.7346938775510204,0.8934916288533442,1.19889026290412,0.672307692307692,0.344674556213018,0.7452655647473531,0.0750446187440205
353,11142,High,Low,90,4.291666666666667,1.300921180692967,0.32,0.8541666666666666,1.3631649054256,2.0453767159650003,0.693910256410256,0.226331360946746,0.6664615348290319,0.28109431412098496
354,11142,Low,High,30,3.6,1.433361724310089,0.3333333333333333,0.68,0.860320791232455,0.917893928006713,0.5754437869822491,0.329881656804734,0.937276917280319,0.21554278619272502
355,11142,Low,High,60,4.18,1.292974132229574,0.3333333333333333,0.68,0.9253637639920551,0.896850966611869,0.6198224852071011,0.353550295857988,1.0317921242677601,2.77555756156289e-17
356,11142,Low,High,90,4.62,1.2373290730756707,0.3333333333333333,0.74,2.62590012061043,1.2495200125878798,0.75,0.24408284023668603,2.10152706171702,0.176334522988008
357,11142,Low,Low,30,3.84,1.3331092536682263,0.3333333333333333,0.72,0.350215342326564,1.14519699216497,0.6612426035502961,0.41568047337278097,0.30581231414561305,-0.22849603319946699
358,11142,Low,Low,60,3.62,1.5740579270641317,0.3333333333333333,0.78,0.653705284630367,1.6478851349865002,0.613905325443787,0.279585798816568,0.39669347744660705,0.47984010461023596
359,11142,Low,Low,90,3.836734693877551,1.3692855276167393,0.32666666666666666,0.8367346938775511,0.9454357015180209,1.8770289581508002,0.663076923076923,0.261834319526627,0.503687328537244,0.166321264886713
360,43336,High,High,30,4.76,1.2380066508703749,0.3333333333333333,0.52,0.0173325262635696,0.10432302042291901,0.42751479289940797,0.39497041420118295,0.166142872333495,0.396263973094475
361,43336,High,High,60,4.866666666666666,1.5841188174235867,0.3,0.7777777777777778,1.0626698477694698,1.51593068402967,0.626602564102564,0.209030100334448,0.701001608427549,0.269188930900165
362,43336,High,High,90,5.551020408163265,1.4388041008787695,0.32666666666666666,0.7959183673469388,1.8295987966714498,1.5732877434706298,0.7430769230769231,0.232248520710059,1.1629142884158001,0.0144506575466326
363,43336,High,Low,30,4.62,1.177830902619462,0.3333333333333333,0.6,0.513617814425819,0.48922340409379,0.539940828402367,0.37426035502958604,1.04986353908644,0.0994907608361208
364,43336,High,Low,60,4.204081632653061,1.5890148999751543,0.32666666666666666,0.7959183673469388,0.7937349902568421,1.58542118038869,0.690769230769231,0.31804733727810697,0.500646137490257,0.14936518480143
365,43336,High,Low,90,5.553191489361702,1.2978214967006352,0.31333333333333335,0.8297872340425532,1.51959741289866,1.82191338467647,0.7483974358974358,0.216923076923077,0.834066770505943,0.16936264847672
366,43336,Low,High,30,4.755102040816326,1.1483055550779682,0.32666666666666666,0.6530612244897959,0.9376754826955241,0.8671420142868921,0.569526627218935,0.27846153846153804,1.0813401579516801,0.48179408069936797
367,43336,Low,High,60,4.8979591836734695,1.3311323097150307,0.32666666666666666,0.7551020408163265,1.61872470807089,1.33007797702828,0.733846153846154,0.30029585798816605,1.21701489388428,-0.10715422567454301
368,43336,Low,High,90,4.122448979591836,1.0828564609255409,0.32666666666666666,0.5510204081632653,0.537350087014402,0.26734218823063,0.47781065088757396,0.373846153846154,2.00997115558447,0.278792035326089
369,43336,Low,Low,30,4.444444444444445,1.1489920716849156,0.3,0.7333333333333333,0.586549175153152,1.1923382564768799,0.703525641025641,0.38628762541806,0.491931859073523,-0.14542491562307902
370,43336,Low,Low,60,4.979591836734694,1.3359799511526944,0.32666666666666666,0.5918367346938775,1.08524534687428,0.45745104232812894,0.533846153846154,0.321005917159763,2.37237484770193,0.329159241675534
371,43336,Low,Low,90,5.02,1.34053069017682,0.3333333333333333,0.84,0.687615365441533,1.8841515499915502,0.702662721893491,0.211538461538462,0.364946952088125,2.2204460492503099e-16
372,47203,High,High,30,3.82,1.196805227533332,0.3333333333333333,0.68,1.09762957486399,1.05661267040619,0.563609467455621,0.273668639053254,1.0388192434244001,0.576529408759016
373,47203,High,High,60,3.84,1.3148564121584059,0.3333333333333333,0.72,0.9059888471890509,1.14519699216497,0.652366863905325,0.347633136094675,0.791120526326482,0.22849603319946699
374,47203,High,High,90,3.94,1.1862489116756478,0.3333333333333333,0.82,0.8015159510922529,2.02287044852298,0.605029585798817,0.22928994082840196,0.396227030592834,0.5630097409555539
375,47203,High,Low,30,3.96,1.2844886381571996,0.3333333333333333,0.62,0.890984688779397,0.760733281079095,0.48372781065088793,0.276627218934911,1.17121823238171,0.7244691034225629
376,47203,High,Low,60,4.44,1.399942287687736,0.3333333333333333,0.8,1.44364165343318,1.6021890585639,0.711538461538461,0.28254437869822496,0.9010432606044448,0.0
377,47203,High,Low,90,4.44,1.238077708549099,0.3333333333333333,0.8,2.01165632817841,2.31330600870568,0.6494082840236689,0.16715976331360902,0.869602344267436,0.91324882654221
378,47203,Low,High,30,3.76,1.1598223525943467,0.3333333333333333,0.74,1.26269987826519,1.28617823787879,0.607988165680473,0.276627218934911,0.981745640750129,0.29898665605638003
379,47203,Low,High,60,4.16,1.426364997147175,0.3333333333333333,0.76,1.1614056660810301,1.5471868499141201,0.590236686390533,0.238165680473373,0.7506563710423829,0.530189247146428
380,47203,Low,High,90,3.46,1.2752126437117113,0.3333333333333333,0.72,0.533100680055049,1.3520057456594101,0.54585798816568,0.29142011834319503,0.39430356103630393,0.627779799273782
381,47203,Low,Low,30,3.52,1.2972105289809406,0.3333333333333333,0.62,1.35497887053769,0.62626667664016,0.599112426035503,0.36834319526627207,2.16358130023296,0.36135641187600204
382,47203,Low,Low,60,4.083333333333333,1.257667973608477,0.32,0.7708333333333334,1.12252621266853,1.6022640239461101,0.6553254437869821,0.280448717948718,0.700587541062009,0.45702954909003995
383,47203,Low,Low,90,3.54,1.1667685213542427,0.3333333333333333,0.6,1.37630726894565,0.745897909263888,0.457100591715976,0.24408284023668603,1.84516842298686,0.930833717471543
384,47284,High,High,30,3.1914893617021276,1.4274582908983575,0.31333333333333335,0.7446808510638298,1.00604816252328,1.2669872662486201,0.6438127090300999,0.347633136094675,0.7940475720028721,-0.0756088702847127
385,47284,High,High,60,5.86,1.1048030178426416,0.3333333333333333,0.8,2.07746975992497,1.6021890585639,0.779585798816568,0.22928994082840196,1.29664458062588,0.0
386,47284,High,High,90,4.959183673469388,1.2114429488719909,0.32666666666666666,0.7959183673469388,2.12298323234582,1.5732877434706298,0.770769230769231,0.25,1.34939285019952,0.0144506575466326
387,47284,High,Low,30,3.3877551020408165,1.3444744715234265,0.32666666666666666,0.8163265306122449,0.9007244526729878,1.7164596171247601,0.7369230769230769,0.3772189349112429,0.524757147611657,-0.0571352792804319
388,47284,High,Low,60,5.510204081632653,1.1901853145682253,0.32666666666666666,0.7755102040816326,1.26973701676627,1.44443993467487,0.7559171597633141,0.321538461538462,0.879051448443982,-0.0788745619445166
389,47284,High,Low,90,4.448979591836735,1.099804438999854,0.32666666666666666,0.7142857142857143,1.9290408507969201,1.1439692541376298,0.672307692307692,0.252958579881657,1.68626983970047,0.37009114792696296
390,47284,Low,High,30,5.291666666666667,1.1189824733010028,0.32,0.7916666666666666,1.63834567069173,1.5587104932357299,0.7646153846153849,0.272307692307692,1.05109042237259,0.136009841224949
391,47284,Low,High,60,4.64,1.187412621511612,0.3333333333333333,0.84,1.8357411226695202,1.8841515499915502,0.7559171597633141,0.226331360946746,0.9743065108949169,2.2204460492503099e-16
392,47284,Low,High,90,4.54,1.2244001480794395,0.3333333333333333,0.78,1.22107797200377,1.49996053783537,0.6553254437869821,0.255917159763314,0.814073398068149,0.19209550607808898
393,47284,Low,Low,30,4.673469387755102,1.2467135422775757,0.32666666666666666,0.7755102040816326,1.65584937279985,1.44443993467487,0.782544378698225,0.327692307692308,1.1463608372006,-0.0788745619445166
394,47284,Low,Low,60,5.020408163265306,1.213619591522729,0.32666666666666666,0.7551020408163265,2.28445922207089,1.33007797702828,0.7233727810650891,0.235384615384615,1.71753781471889,0.10715422567454301
395,47284,Low,Low,90,4.96,1.094350000290433,0.3333333333333333,0.76,2.0796480775188897,1.5471868499141201,0.643491124260355,0.155325443786982,1.3441479790461799,0.530189247146428
396,47542,High,High,30,4.526315789473684,1.6819652840931667,0.25333333333333335,0.6842105263157895,2.09419502624587,0.9239514600195459,0.670040485829959,0.261904761904762,2.26656390174606,0.329662877733602
397,47542,High,High,60,4.469387755102041,1.4898764527606545,0.32666666666666666,0.7346938775510204,2.2738361974109704,1.40421639261496,0.696923076923077,0.21745562130177498,1.6192918765010198,0.601674475796008
398,47542,High,High,90,6.261904761904762,1.2933950406586519,0.28,0.9047619047619048,2.7231782659174706,2.40050994660716,0.8643724696356279,0.136923076923077,1.13441657251467,0.0812965922410205
399,47542,High,Low,30,3.347826086956522,1.6649398432200542,0.30666666666666664,0.6739130434782609,1.0179227472814398,1.2699735675266202,0.559294871794872,0.29006410256410303,0.801530656471795,0.899133760589235
400,47542,High,Low,60,3.909090909090909,1.3983173295928282,0.29333333333333333,0.7045454545454546,1.21250317572198,1.437224861952,0.600961538461538,0.24300699300699302,0.8436419434570509,0.7708576113519399
401,47542,High,Low,90,4.6976744186046515,1.5600605417566842,0.2866666666666667,0.813953488372093,1.98643328855556,1.78252333150064,0.72742474916388,0.197552447552448,1.1143939905029199,0.31615238447188204
402,47542,Low,High,30,3.9130434782608696,1.7971728044649353,0.30666666666666664,0.6739130434782609,1.96297798515527,0.898904728471687,0.6778846153846151,0.286858974358974,2.18374419777801,0.29214167962567306
403,47542,Low,High,60,4.511111111111111,1.647705239462084,0.3,0.6888888888888889,2.17293943662414,1.0544724517700501,0.6438127090300999,0.20673076923076897,2.06068867230871,0.527236225885026
404,47542,Low,High,90,5.804878048780488,1.4235506488475949,0.2733333333333333,0.8780487804878049,2.8797980116470896,2.17796228976475,0.826923076923077,0.14468864468864498,1.3222442028407,0.0907799727294868
405,47542,Low,Low,30,3.90625,1.6731520524263033,0.21333333333333335,0.6875,1.90849620904233,0.9282111280978571,0.7262443438914029,0.341628959276018,2.0561014097658203,0.16479865358326198
406,47542,Low,Low,60,4.441860465116279,1.405956265720306,0.2866666666666667,0.7209302325581395,2.1328284630223604,1.1252339628114398,0.714046822742475,0.26398601398601396,1.89545333105073,0.11187276879036098
407,47542,Low,Low,90,5.135135135135135,1.6703788799350148,0.24666666666666667,0.8648648648648649,2.8842376732236006,2.05274647417846,0.847985347985348,0.19444444444444395,1.40506278271793,0.0589516709875287
408,47617,High,High,30,4.64,1.264075025304919,0.3333333333333333,0.84,1.65684465318308,1.9782724222995702,0.6849112426035501,0.178994082840237,0.8375209776503609,0.31464646095370197
409,47617,High,High,60,5.34,1.2210274131648475,0.3333333333333333,0.82,2.20753856949084,1.77932549415819,0.7381656804733729,0.161242603550296,1.24066033827905,0.215172996883014
410,47617,High,High,90,5.44,1.2360411049958202,0.3333333333333333,0.94,2.2177840946394802,3.1747375748571605,0.7943786982248521,0.107988165680473,0.698572414993787,0.48253304346646997
411,47617,High,Low,30,5.061224489795919,1.183095469372347,0.32666666666666666,0.8775510204081632,2.36175812961509,2.7282386608279,0.7766272189349109,0.14307692307692302,0.865671381146106,0.68962958021787
412,47617,High,Low,60,4.86,1.4064976190056768,0.3333333333333333,0.8,1.71380499741005,1.6165655251918603,0.729289940828402,0.24408284023668603,1.06015189035202,0.13379301239984698
413,47617,High,Low,90,4.979591836734694,1.4157532365643417,0.32666666666666666,0.7959183673469388,2.56672962893365,1.5898548380389,0.795384615384615,0.247041420118343,1.61444275761662,-0.120437668823366
414,47617,Low,High,30,4.612244897959184,1.2029248797334728,0.32666666666666666,0.7551020408163265,1.51729419562126,1.3545389044371798,0.6938461538461539,0.279585798816568,1.1201554939846499,0.264806322777186
415,47617,Low,High,60,4.5625,1.294983170722844,0.32,0.8333333333333334,1.6327246129765,1.8525125550036396,0.770769230769231,0.269230769230769,0.8813568407763299,-0.154063063313136
416,47617,Low,High,90,5.224489795918367,1.2483459451177623,0.32666666666666666,0.9387755102040817,2.00749597854837,2.85599653076164,0.8565088757396451,0.19230769230769199,0.7029056082267049,-0.146446699836221
417,47617,Low,Low,30,4.56,1.2117775700389757,0.3333333333333333,0.76,1.45183092979898,1.3589792921215502,0.673076923076923,0.26775147928994103,1.0683245419674399,0.12160488322117599
418,47617,Low,Low,60,4.918367346938775,1.2317085142130964,0.32666666666666666,0.9591836734693877,1.3054930143374799,3.35753158273531,0.770710059171598,0.158461538461538,0.38882523728158896,0.374983119264168
419,47617,Low,Low,90,5.26530612244898,1.214603674859973,0.32666666666666666,0.8979591836734694,2.1964112358976102,2.48981005305986,0.792307692307692,0.146449704142012,0.8821601604501229,0.329539938687114
