,Subject,Valence,Arousal,nR_S1,nR_S2,bins
0,11113,High,High,20,0,0
1,11113,High,High,3,1,1
2,11113,High,High,6,1,2
3,11113,High,High,9,1,3
4,11113,High,High,2,5,4
5,11113,High,High,8,10,5
6,11113,High,High,3,4,6
7,11113,High,High,5,5,7
8,11113,High,High,4,9,8
9,11113,High,High,6,5,9
10,11113,High,High,0,5,10
11,11113,High,High,1,2,11
12,11113,High,High,0,3,12
13,11113,High,High,0,14,13
14,11113,High,Low,14,0,0
15,11113,High,Low,6,0,1
16,11113,High,Low,4,1,2
17,11113,High,Low,7,2,3
18,11113,High,Low,7,4,4
19,11113,High,Low,10,7,5
20,11113,High,Low,7,9,6
21,11113,High,Low,5,7,7
22,11113,High,Low,0,5,8
23,11113,High,Low,3,6,9
24,11113,High,Low,1,2,10
25,11113,High,Low,0,5,11
26,11113,High,Low,1,4,12
27,11113,High,Low,0,15,13
28,11113,Low,High,9,0,0
29,11113,Low,High,4,0,1
30,11113,Low,High,3,0,2
31,11113,Low,High,5,4,3
32,11113,Low,High,7,2,4
33,11113,Low,High,13,6,5
34,11113,Low,High,7,12,6
35,11113,Low,High,4,7,7
36,11113,Low,High,5,11,8
37,11113,Low,High,3,4,9
38,11113,Low,High,2,4,10
39,11113,Low,High,1,3,11
40,11113,Low,High,0,3,12
41,11113,Low,High,0,12,13
42,11113,Low,Low,8,0,0
43,11113,Low,Low,5,0,1
44,11113,Low,Low,1,1,2
45,11113,Low,Low,4,3,3
46,11113,Low,Low,10,2,4
47,11113,Low,Low,13,9,5
48,11113,Low,Low,9,5,6
49,11113,Low,Low,5,2,7
50,11113,Low,Low,5,10,8
51,11113,Low,Low,5,9,9
52,11113,Low,Low,2,8,10
53,11113,Low,Low,1,4,11
54,11113,Low,Low,0,3,12
55,11113,Low,Low,1,10,13
56,11114,High,High,19,1,0
57,11114,High,High,6,0,1
58,11114,High,High,2,2,2
59,11114,High,High,3,1,3
60,11114,High,High,6,0,4
61,11114,High,High,8,7,5
62,11114,High,High,14,13,6
63,11114,High,High,5,14,7
64,11114,High,High,2,4,8
65,11114,High,High,3,2,9
66,11114,High,High,1,3,10
67,11114,High,High,1,4,11
68,11114,High,High,1,0,12
69,11114,High,High,1,18,13
70,11114,High,Low,27,1,0
71,11114,High,Low,1,0,1
72,11114,High,Low,3,0,2
73,11114,High,Low,4,2,3
74,11114,High,Low,5,1,4
75,11114,High,Low,5,2,5
76,11114,High,Low,15,11,6
77,11114,High,Low,6,7,7
78,11114,High,Low,4,7,8
79,11114,High,Low,2,6,9
80,11114,High,Low,1,4,10
81,11114,High,Low,0,1,11
82,11114,High,Low,0,0,12
83,11114,High,Low,0,29,13
84,11114,Low,High,15,0,0
85,11114,Low,High,3,0,1
86,11114,Low,High,1,0,2
87,11114,Low,High,4,0,3
88,11114,Low,High,9,1,4
89,11114,Low,High,8,3,5
90,11114,Low,High,23,10,6
91,11114,Low,High,5,17,7
92,11114,Low,High,2,4,8
93,11114,Low,High,3,4,9
94,11114,Low,High,0,6,10
95,11114,Low,High,0,3,11
96,11114,Low,High,0,2,12
97,11114,Low,High,0,21,13
98,11114,Low,Low,19,0,0
99,11114,Low,Low,1,0,1
100,11114,Low,Low,1,0,2
101,11114,Low,Low,8,2,3
102,11114,Low,Low,7,3,4
103,11114,Low,Low,4,4,5
104,11114,Low,Low,18,19,6
105,11114,Low,Low,9,8,7
106,11114,Low,Low,2,7,8
107,11114,Low,Low,0,6,9
108,11114,Low,Low,3,3,10
109,11114,Low,Low,0,4,11
110,11114,Low,Low,0,3,12
111,11114,Low,Low,1,15,13
112,11115,High,High,20,1,0
113,11115,High,High,1,0,1
114,11115,High,High,8,2,2
115,11115,High,High,4,1,3
116,11115,High,High,10,3,4
117,11115,High,High,2,8,5
118,11115,High,High,16,15,6
119,11115,High,High,6,10,7
120,11115,High,High,4,2,8
121,11115,High,High,2,6,9
122,11115,High,High,0,5,10
123,11115,High,High,0,5,11
124,11115,High,High,0,3,12
125,11115,High,High,0,14,13
126,11115,High,Low,11,0,0
127,11115,High,Low,5,1,1
128,11115,High,Low,5,1,2
129,11115,High,Low,2,2,3
130,11115,High,Low,8,2,4
131,11115,High,Low,12,4,5
132,11115,High,Low,14,14,6
133,11115,High,Low,7,7,7
134,11115,High,Low,5,8,8
135,11115,High,Low,2,4,9
136,11115,High,Low,2,1,10
137,11115,High,Low,0,4,11
138,11115,High,Low,0,4,12
139,11115,High,Low,0,20,13
140,11115,Low,High,14,0,0
141,11115,Low,High,2,1,1
142,11115,Low,High,2,5,2
143,11115,Low,High,1,0,3
144,11115,Low,High,6,2,4
145,11115,Low,High,10,6,5
146,11115,Low,High,21,12,6
147,11115,Low,High,9,6,7
148,11115,Low,High,1,15,8
149,11115,Low,High,5,8,9
150,11115,Low,High,0,3,10
151,11115,Low,High,2,1,11
152,11115,Low,High,0,4,12
153,11115,Low,High,1,10,13
154,11115,Low,Low,12,0,0
155,11115,Low,Low,3,2,1
156,11115,Low,Low,3,1,2
157,11115,Low,Low,0,2,3
158,11115,Low,Low,10,3,4
159,11115,Low,Low,6,3,5
160,11115,Low,Low,21,16,6
161,11115,Low,Low,6,10,7
162,11115,Low,Low,4,4,8
163,11115,Low,Low,4,7,9
164,11115,Low,Low,0,1,10
165,11115,Low,Low,3,6,11
166,11115,Low,Low,2,4,12
167,11115,Low,Low,0,15,13
168,11116,High,High,24,2,0
169,11116,High,High,14,3,1
170,11116,High,High,4,3,2
171,11116,High,High,6,3,3
172,11116,High,High,5,0,4
173,11116,High,High,5,9,5
174,11116,High,High,8,7,6
175,11116,High,High,1,0,7
176,11116,High,High,3,4,8
177,11116,High,High,1,4,9
178,11116,High,High,1,6,10
179,11116,High,High,0,3,11
180,11116,High,High,1,8,12
181,11116,High,High,0,22,13
182,11116,High,Low,37,2,0
183,11116,High,Low,7,1,1
184,11116,High,Low,6,3,2
185,11116,High,Low,3,7,3
186,11116,High,Low,6,3,4
187,11116,High,Low,5,5,5
188,11116,High,Low,2,9,6
189,11116,High,Low,2,3,7
190,11116,High,Low,0,4,8
191,11116,High,Low,0,1,9
192,11116,High,Low,1,2,10
193,11116,High,Low,1,2,11
194,11116,High,Low,2,4,12
195,11116,High,Low,1,27,13
196,11116,Low,High,22,1,0
197,11116,Low,High,12,5,1
198,11116,Low,High,5,4,2
199,11116,Low,High,9,1,3
200,11116,Low,High,8,5,4
201,11116,Low,High,5,9,5
202,11116,Low,High,5,3,6
203,11116,Low,High,0,3,7
204,11116,Low,High,1,0,8
205,11116,Low,High,4,2,9
206,11116,Low,High,3,3,10
207,11116,Low,High,0,7,11
208,11116,Low,High,0,7,12
209,11116,Low,High,1,23,13
210,11116,Low,Low,14,0,0
211,11116,Low,Low,13,1,1
212,11116,Low,Low,4,2,2
213,11116,Low,Low,3,3,3
214,11116,Low,Low,5,3,4
215,11116,Low,Low,8,3,5
216,11116,Low,Low,17,19,6
217,11116,Low,Low,2,4,7
218,11116,Low,Low,2,2,8
219,11116,Low,Low,3,4,9
220,11116,Low,Low,0,3,10
221,11116,Low,Low,1,8,11
222,11116,Low,Low,3,6,12
223,11116,Low,Low,0,16,13
224,11117,High,High,12,1,0
225,11117,High,High,1,1,1
226,11117,High,High,2,2,2
227,11117,High,High,4,2,3
228,11117,High,High,9,3,4
229,11117,High,High,25,12,5
230,11117,High,High,6,9,6
231,11117,High,High,5,12,7
232,11117,High,High,6,9,8
233,11117,High,High,2,3,9
234,11117,High,High,0,4,10
235,11117,High,High,0,5,11
236,11117,High,High,0,3,12
237,11117,High,High,0,6,13
238,11117,High,Low,9,0,0
239,11117,High,Low,3,0,1
240,11117,High,Low,7,0,2
241,11117,High,Low,4,0,3
242,11117,High,Low,9,3,4
243,11117,High,Low,16,10,5
244,11117,High,Low,10,14,6
245,11117,High,Low,5,11,7
246,11117,High,Low,7,14,8
247,11117,High,Low,1,3,9
248,11117,High,Low,1,1,10
249,11117,High,Low,0,1,11
250,11117,High,Low,0,3,12
251,11117,High,Low,0,9,13
252,11117,Low,High,9,1,0
253,11117,Low,High,8,1,1
254,11117,Low,High,3,0,2
255,11117,Low,High,6,0,3
256,11117,Low,High,3,2,4
257,11117,Low,High,15,11,5
258,11117,Low,High,15,10,6
259,11117,Low,High,5,12,7
260,11117,Low,High,3,17,8
261,11117,Low,High,2,1,9
262,11117,Low,High,1,3,10
263,11117,Low,High,2,3,11
264,11117,Low,High,0,4,12
265,11117,Low,High,0,7,13
266,11117,Low,Low,5,0,0
267,11117,Low,Low,2,0,1
268,11117,Low,Low,4,1,2
269,11117,Low,Low,2,0,3
270,11117,Low,Low,7,0,4
271,11117,Low,Low,25,11,5
272,11117,Low,Low,13,10,6
273,11117,Low,Low,10,9,7
274,11117,Low,Low,5,16,8
275,11117,Low,Low,2,2,9
276,11117,Low,Low,0,3,10
277,11117,Low,Low,0,3,11
278,11117,Low,Low,0,7,12
279,11117,Low,Low,0,7,13
280,11118,High,High,25,1,0
281,11118,High,High,8,1,1
282,11118,High,High,3,0,2
283,11118,High,High,1,0,3
284,11118,High,High,4,0,4
285,11118,High,High,11,7,5
286,11118,High,High,11,10,6
287,11118,High,High,8,8,7
288,11118,High,High,2,3,8
289,11118,High,High,1,5,9
290,11118,High,High,1,1,10
291,11118,High,High,0,4,11
292,11118,High,High,0,7,12
293,11118,High,High,0,27,13
294,11118,High,Low,29,0,0
295,11118,High,Low,8,0,1
296,11118,High,Low,6,0,2
297,11118,High,Low,2,1,3
298,11118,High,Low,0,0,4
299,11118,High,Low,2,6,5
300,11118,High,Low,15,21,6
301,11118,High,Low,8,5,7
302,11118,High,Low,2,3,8
303,11118,High,Low,0,0,9
304,11118,High,Low,1,0,10
305,11118,High,Low,0,0,11
306,11118,High,Low,0,8,12
307,11118,High,Low,0,30,13
308,11118,Low,High,19,0,0
309,11118,Low,High,5,0,1
310,11118,Low,High,2,2,2
311,11118,Low,High,2,0,3
312,11118,Low,High,4,0,4
313,11118,Low,High,8,1,5
314,11118,Low,High,17,18,6
315,11118,Low,High,7,13,7
316,11118,Low,High,4,5,8
317,11118,Low,High,2,2,9
318,11118,Low,High,1,5,10
319,11118,Low,High,2,2,11
320,11118,Low,High,0,6,12
321,11118,Low,High,0,19,13
322,11118,Low,Low,18,0,0
323,11118,Low,Low,10,1,1
324,11118,Low,Low,5,0,2
325,11118,Low,Low,2,0,3
326,11118,Low,Low,4,2,4
327,11118,Low,Low,8,3,5
328,11118,Low,Low,18,15,6
329,11118,Low,Low,7,15,7
330,11118,Low,Low,1,8,8
331,11118,Low,Low,0,1,9
332,11118,Low,Low,1,0,10
333,11118,Low,Low,0,3,11
334,11118,Low,Low,0,10,12
335,11118,Low,Low,0,14,13
336,11119,High,High,38,0,0
337,11119,High,High,8,0,1
338,11119,High,High,5,1,2
339,11119,High,High,1,1,3
340,11119,High,High,0,0,4
341,11119,High,High,1,3,5
342,11119,High,High,8,11,6
343,11119,High,High,9,4,7
344,11119,High,High,1,3,8
345,11119,High,High,0,2,9
346,11119,High,High,1,4,10
347,11119,High,High,1,3,11
348,11119,High,High,0,3,12
349,11119,High,High,0,38,13
350,11119,High,Low,33,0,0
351,11119,High,Low,8,0,1
352,11119,High,Low,5,0,2
353,11119,High,Low,1,0,3
354,11119,High,Low,1,0,4
355,11119,High,Low,3,1,5
356,11119,High,Low,15,15,6
357,11119,High,Low,0,0,7
358,11119,High,Low,2,1,8
359,11119,High,Low,2,0,9
360,11119,High,Low,0,2,10
361,11119,High,Low,3,7,11
362,11119,High,Low,0,11,12
363,11119,High,Low,0,37,13
364,11119,Low,High,34,0,0
365,11119,Low,High,9,0,1
366,11119,Low,High,5,1,2
367,11119,Low,High,0,1,3
368,11119,Low,High,2,1,4
369,11119,Low,High,3,4,5
370,11119,Low,High,14,20,6
371,11119,Low,High,3,3,7
372,11119,Low,High,3,2,8
373,11119,Low,High,1,1,9
374,11119,Low,High,0,3,10
375,11119,Low,High,0,3,11
376,11119,Low,High,0,3,12
377,11119,Low,High,0,31,13
378,11119,Low,Low,36,0,0
379,11119,Low,Low,5,0,1
380,11119,Low,Low,6,0,2
381,11119,Low,Low,3,1,3
382,11119,Low,Low,0,1,4
383,11119,Low,Low,7,8,5
384,11119,Low,Low,12,19,6
385,11119,Low,Low,2,2,7
386,11119,Low,Low,2,7,8
387,11119,Low,Low,0,5,9
388,11119,Low,Low,0,0,10
389,11119,Low,Low,0,1,11
390,11119,Low,Low,0,7,12
391,11119,Low,Low,0,23,13
392,11120,High,High,16,0,0
393,11120,High,High,7,0,1
394,11120,High,High,3,2,2
395,11120,High,High,3,1,3
396,11120,High,High,9,4,4
397,11120,High,High,11,6,5
398,11120,High,High,4,1,6
399,11120,High,High,3,5,7
400,11120,High,High,5,11,8
401,11120,High,High,8,8,9
402,11120,High,High,1,5,10
403,11120,High,High,1,6,11
404,11120,High,High,0,3,12
405,11120,High,High,1,22,13
406,11120,High,Low,25,0,0
407,11120,High,Low,5,0,1
408,11120,High,Low,8,0,2
409,11120,High,Low,3,0,3
410,11120,High,Low,3,3,4
411,11120,High,Low,5,2,5
412,11120,High,Low,10,4,6
413,11120,High,Low,5,10,7
414,11120,High,Low,6,6,8
415,11120,High,Low,0,1,9
416,11120,High,Low,2,7,10
417,11120,High,Low,0,6,11
418,11120,High,Low,0,4,12
419,11120,High,Low,0,30,13
420,11120,Low,High,17,0,0
421,11120,Low,High,7,0,1
422,11120,Low,High,7,1,2
423,11120,Low,High,1,4,3
424,11120,Low,High,10,3,4
425,11120,Low,High,5,4,5
426,11120,Low,High,6,5,6
427,11120,Low,High,3,6,7
428,11120,Low,High,8,11,8
429,11120,Low,High,4,5,9
430,11120,Low,High,3,4,10
431,11120,Low,High,3,10,11
432,11120,Low,High,0,6,12
433,11120,Low,High,0,15,13
434,11120,Low,Low,18,0,0
435,11120,Low,Low,8,1,1
436,11120,Low,Low,7,0,2
437,11120,Low,Low,2,1,3
438,11120,Low,Low,4,5,4
439,11120,Low,Low,4,5,5
440,11120,Low,Low,6,3,6
441,11120,Low,Low,8,7,7
442,11120,Low,Low,5,6,8
443,11120,Low,Low,3,13,9
444,11120,Low,Low,6,7,10
445,11120,Low,Low,1,6,11
446,11120,Low,Low,1,3,12
447,11120,Low,Low,0,15,13
448,11121,High,High,17,0,0
449,11121,High,High,2,0,1
450,11121,High,High,4,0,2
451,11121,High,High,4,1,3
452,11121,High,High,3,2,4
453,11121,High,High,9,1,5
454,11121,High,High,13,14,6
455,11121,High,High,9,6,7
456,11121,High,High,3,5,8
457,11121,High,High,3,8,9
458,11121,High,High,4,4,10
459,11121,High,High,0,8,11
460,11121,High,High,1,5,12
461,11121,High,High,0,19,13
462,11121,High,Low,22,0,0
463,11121,High,Low,7,0,1
464,11121,High,Low,5,3,2
465,11121,High,Low,4,2,3
466,11121,High,Low,11,3,4
467,11121,High,Low,7,6,5
468,11121,High,Low,7,0,6
469,11121,High,Low,1,3,7
470,11121,High,Low,2,8,8
471,11121,High,Low,3,7,9
472,11121,High,Low,2,6,10
473,11121,High,Low,1,8,11
474,11121,High,Low,1,5,12
475,11121,High,Low,0,24,13
476,11121,Low,High,15,1,0
477,11121,Low,High,7,0,1
478,11121,Low,High,10,0,2
479,11121,Low,High,5,0,3
480,11121,Low,High,10,7,4
481,11121,Low,High,4,9,5
482,11121,Low,High,6,4,6
483,11121,Low,High,5,2,7
484,11121,Low,High,3,6,8
485,11121,Low,High,4,7,9
486,11121,Low,High,2,9,10
487,11121,Low,High,3,6,11
488,11121,Low,High,1,4,12
489,11121,Low,High,0,20,13
490,11121,Low,Low,22,0,0
491,11121,Low,Low,8,0,1
492,11121,Low,Low,3,0,2
493,11121,Low,Low,6,2,3
494,11121,Low,Low,10,2,4
495,11121,Low,Low,2,4,5
496,11121,Low,Low,2,2,6
497,11121,Low,Low,4,2,7
498,11121,Low,Low,6,6,8
499,11121,Low,Low,4,10,9
500,11121,Low,Low,4,8,10
501,11121,Low,Low,2,10,11
502,11121,Low,Low,0,4,12
503,11121,Low,Low,0,24,13
504,11122,High,High,19,3,0
505,11122,High,High,13,0,1
506,11122,High,High,10,2,2
507,11122,High,High,6,1,3
508,11122,High,High,6,3,4
509,11122,High,High,5,6,5
510,11122,High,High,1,6,6
511,11122,High,High,5,5,7
512,11122,High,High,1,4,8
513,11122,High,High,2,7,9
514,11122,High,High,0,2,10
515,11122,High,High,1,10,11
516,11122,High,High,0,7,12
517,11122,High,High,1,19,13
518,11122,High,Low,27,1,0
519,11122,High,Low,7,2,1
520,11122,High,Low,6,5,2
521,11122,High,Low,6,1,3
522,11122,High,Low,4,2,4
523,11122,High,Low,9,4,5
524,11122,High,Low,1,5,6
525,11122,High,Low,4,4,7
526,11122,High,Low,4,4,8
527,11122,High,Low,1,3,9
528,11122,High,Low,1,4,10
529,11122,High,Low,2,4,11
530,11122,High,Low,2,10,12
531,11122,High,Low,0,25,13
532,11122,Low,High,19,0,0
533,11122,Low,High,5,1,1
534,11122,Low,High,5,0,2
535,11122,Low,High,10,1,3
536,11122,Low,High,9,3,4
537,11122,Low,High,4,4,5
538,11122,Low,High,2,7,6
539,11122,Low,High,6,2,7
540,11122,Low,High,5,6,8
541,11122,Low,High,2,4,9
542,11122,Low,High,3,4,10
543,11122,Low,High,0,5,11
544,11122,Low,High,0,14,12
545,11122,Low,High,3,24,13
546,11122,Low,Low,20,0,0
547,11122,Low,Low,6,2,1
548,11122,Low,Low,8,1,2
549,11122,Low,Low,3,0,3
550,11122,Low,Low,6,4,4
551,11122,Low,Low,2,7,5
552,11122,Low,Low,9,5,6
553,11122,Low,Low,9,4,7
554,11122,Low,Low,6,7,8
555,11122,Low,Low,4,7,9
556,11122,Low,Low,1,3,10
557,11122,Low,Low,0,7,11
558,11122,Low,Low,0,4,12
559,11122,Low,Low,0,22,13
560,11123,High,High,20,0,0
561,11123,High,High,6,1,1
562,11123,High,High,7,3,2
563,11123,High,High,12,4,3
564,11123,High,High,9,4,4
565,11123,High,High,7,10,5
566,11123,High,High,4,6,6
567,11123,High,High,0,0,7
568,11123,High,High,1,4,8
569,11123,High,High,4,11,9
570,11123,High,High,2,5,10
571,11123,High,High,1,10,11
572,11123,High,High,1,3,12
573,11123,High,High,0,14,13
574,11123,High,Low,24,0,0
575,11123,High,Low,9,0,1
576,11123,High,Low,6,2,2
577,11123,High,Low,8,5,3
578,11123,High,Low,7,9,4
579,11123,High,Low,7,9,5
580,11123,High,Low,0,4,6
581,11123,High,Low,2,1,7
582,11123,High,Low,3,5,8
583,11123,High,Low,3,10,9
584,11123,High,Low,2,4,10
585,11123,High,Low,0,5,11
586,11123,High,Low,1,4,12
587,11123,High,Low,0,16,13
588,11123,Low,High,19,0,0
589,11123,Low,High,9,1,1
590,11123,Low,High,7,5,2
591,11123,Low,High,10,4,3
592,11123,Low,High,6,6,4
593,11123,Low,High,4,2,5
594,11123,Low,High,4,4,6
595,11123,Low,High,2,2,7
596,11123,Low,High,3,4,8
597,11123,Low,High,5,7,9
598,11123,Low,High,3,9,10
599,11123,Low,High,1,5,11
600,11123,Low,High,1,5,12
601,11123,Low,High,1,20,13
602,11123,Low,Low,13,2,0
603,11123,Low,Low,6,0,1
604,11123,Low,Low,10,5,2
605,11123,Low,Low,6,1,3
606,11123,Low,Low,8,6,4
607,11123,Low,Low,7,5,5
608,11123,Low,Low,2,5,6
609,11123,Low,Low,2,0,7
610,11123,Low,Low,7,6,8
611,11123,Low,Low,5,11,9
612,11123,Low,Low,3,5,10
613,11123,Low,Low,4,6,11
614,11123,Low,Low,1,7,12
615,11123,Low,Low,1,13,13
616,11124,High,High,26,0,0
617,11124,High,High,9,0,1
618,11124,High,High,4,3,2
619,11124,High,High,3,2,3
620,11124,High,High,5,1,4
621,11124,High,High,3,2,5
622,11124,High,High,3,2,6
623,11124,High,High,3,4,7
624,11124,High,High,4,6,8
625,11124,High,High,2,3,9
626,11124,High,High,4,3,10
627,11124,High,High,3,8,11
628,11124,High,High,0,8,12
629,11124,High,High,1,26,13
630,11124,High,Low,32,0,0
631,11124,High,Low,6,0,1
632,11124,High,Low,7,3,2
633,11124,High,Low,4,3,3
634,11124,High,Low,4,3,4
635,11124,High,Low,3,4,5
636,11124,High,Low,7,10,6
637,11124,High,Low,4,3,7
638,11124,High,Low,2,3,8
639,11124,High,Low,0,3,9
640,11124,High,Low,0,3,10
641,11124,High,Low,1,4,11
642,11124,High,Low,0,5,12
643,11124,High,Low,0,27,13
644,11124,Low,High,31,0,0
645,11124,Low,High,7,0,1
646,11124,Low,High,9,0,2
647,11124,Low,High,4,2,3
648,11124,Low,High,3,1,4
649,11124,Low,High,4,0,5
650,11124,Low,High,6,6,6
651,11124,Low,High,2,2,7
652,11124,Low,High,2,9,8
653,11124,Low,High,2,6,9
654,11124,Low,High,1,4,10
655,11124,Low,High,0,5,11
656,11124,Low,High,0,2,12
657,11124,Low,High,2,35,13
658,11124,Low,Low,24,0,0
659,11124,Low,Low,10,0,1
660,11124,Low,Low,10,1,2
661,11124,Low,Low,7,0,3
662,11124,Low,Low,5,1,4
663,11124,Low,Low,7,4,5
664,11124,Low,Low,3,5,6
665,11124,Low,Low,3,3,7
666,11124,Low,Low,2,7,8
667,11124,Low,Low,1,6,9
668,11124,Low,Low,3,6,10
669,11124,Low,Low,0,4,11
670,11124,Low,Low,0,5,12
671,11124,Low,Low,0,32,13
672,11125,High,High,16,0,0
673,11125,High,High,12,3,1
674,11125,High,High,13,5,2
675,11125,High,High,9,3,3
676,11125,High,High,5,4,4
677,11125,High,High,5,5,5
678,11125,High,High,1,1,6
679,11125,High,High,3,1,7
680,11125,High,High,3,1,8
681,11125,High,High,2,4,9
682,11125,High,High,0,10,10
683,11125,High,High,2,11,11
684,11125,High,High,2,2,12
685,11125,High,High,2,21,13
686,11125,High,Low,27,1,0
687,11125,High,Low,4,3,1
688,11125,High,Low,3,6,2
689,11125,High,Low,8,4,3
690,11125,High,Low,8,9,4
691,11125,High,Low,6,6,5
692,11125,High,Low,1,3,6
693,11125,High,Low,1,1,7
694,11125,High,Low,1,2,8
695,11125,High,Low,7,4,9
696,11125,High,Low,1,3,10
697,11125,High,Low,3,9,11
698,11125,High,Low,1,9,12
699,11125,High,Low,0,15,13
700,11125,Low,High,26,0,0
701,11125,Low,High,12,0,1
702,11125,Low,High,11,6,2
703,11125,Low,High,7,4,3
704,11125,Low,High,2,0,4
705,11125,Low,High,2,3,5
706,11125,Low,High,0,1,6
707,11125,Low,High,1,2,7
708,11125,Low,High,4,2,8
709,11125,Low,High,3,7,9
710,11125,Low,High,4,8,10
711,11125,Low,High,1,8,11
712,11125,Low,High,1,9,12
713,11125,Low,High,1,25,13
714,11125,Low,Low,21,1,0
715,11125,Low,Low,5,2,1
716,11125,Low,Low,6,8,2
717,11125,Low,Low,13,4,3
718,11125,Low,Low,6,4,4
719,11125,Low,Low,5,5,5
720,11125,Low,Low,5,2,6
721,11125,Low,Low,1,1,7
722,11125,Low,Low,3,5,8
723,11125,Low,Low,3,4,9
724,11125,Low,Low,2,7,10
725,11125,Low,Low,4,10,11
726,11125,Low,Low,1,7,12
727,11125,Low,Low,0,12,13
728,11126,High,High,24,1,0
729,11126,High,High,1,0,1
730,11126,High,High,4,3,2
731,11126,High,High,3,0,3
732,11126,High,High,2,4,4
733,11126,High,High,4,3,5
734,11126,High,High,15,20,6
735,11126,High,High,10,4,7
736,11126,High,High,2,7,8
737,11126,High,High,2,1,9
738,11126,High,High,0,3,10
739,11126,High,High,2,3,11
740,11126,High,High,0,0,12
741,11126,High,High,2,24,13
742,11126,High,Low,24,1,0
743,11126,High,Low,2,0,1
744,11126,High,Low,6,2,2
745,11126,High,Low,2,1,3
746,11126,High,Low,1,4,4
747,11126,High,Low,0,0,5
748,11126,High,Low,22,17,6
749,11126,High,Low,10,15,7
750,11126,High,Low,1,1,8
751,11126,High,Low,1,3,9
752,11126,High,Low,0,1,10
753,11126,High,Low,2,5,11
754,11126,High,Low,1,0,12
755,11126,High,Low,1,23,13
756,11126,Low,High,32,4,0
757,11126,Low,High,4,0,1
758,11126,Low,High,10,5,2
759,11126,Low,High,0,2,3
760,11126,Low,High,2,2,4
761,11126,Low,High,1,1,5
762,11126,Low,High,10,11,6
763,11126,Low,High,5,5,7
764,11126,Low,High,1,2,8
765,11126,Low,High,1,6,9
766,11126,Low,High,0,0,10
767,11126,Low,High,3,12,11
768,11126,Low,High,0,2,12
769,11126,Low,High,3,22,13
770,11126,Low,Low,27,1,0
771,11126,Low,Low,3,1,1
772,11126,Low,Low,5,2,2
773,11126,Low,Low,1,0,3
774,11126,Low,Low,3,4,4
775,11126,Low,Low,5,4,5
776,11126,Low,Low,11,10,6
777,11126,Low,Low,6,9,7
778,11126,Low,Low,3,1,8
779,11126,Low,Low,2,4,9
780,11126,Low,Low,2,0,10
781,11126,Low,Low,1,7,11
782,11126,Low,Low,0,0,12
783,11126,Low,Low,2,28,13
784,11127,High,High,33,1,0
785,11127,High,High,7,0,1
786,11127,High,High,3,0,2
787,11127,High,High,1,2,3
788,11127,High,High,2,1,4
789,11127,High,High,3,2,5
790,11127,High,High,13,16,6
791,11127,High,High,5,5,7
792,11127,High,High,3,5,8
793,11127,High,High,0,0,9
794,11127,High,High,0,1,10
795,11127,High,High,0,1,11
796,11127,High,High,0,2,12
797,11127,High,High,0,36,13
798,11127,High,Low,39,0,0
799,11127,High,Low,3,0,1
800,11127,High,Low,2,1,2
801,11127,High,Low,4,0,3
802,11127,High,Low,4,2,4
803,11127,High,Low,3,2,5
804,11127,High,Low,9,10,6
805,11127,High,Low,8,8,7
806,11127,High,Low,0,5,8
807,11127,High,Low,0,2,9
808,11127,High,Low,0,2,10
809,11127,High,Low,0,1,11
810,11127,High,Low,0,8,12
811,11127,High,Low,1,30,13
812,11127,Low,High,30,0,0
813,11127,Low,High,2,0,1
814,11127,Low,High,2,1,2
815,11127,Low,High,0,0,3
816,11127,Low,High,4,1,4
817,11127,Low,High,3,7,5
818,11127,Low,High,15,15,6
819,11127,Low,High,8,14,7
820,11127,Low,High,2,3,8
821,11127,Low,High,1,0,9
822,11127,Low,High,0,1,10
823,11127,Low,High,2,2,11
824,11127,Low,High,2,4,12
825,11127,Low,High,0,25,13
826,11127,Low,Low,30,0,0
827,11127,Low,Low,4,0,1
828,11127,Low,Low,3,1,2
829,11127,Low,Low,2,0,3
830,11127,Low,Low,4,1,4
831,11127,Low,Low,3,1,5
832,11127,Low,Low,12,12,6
833,11127,Low,Low,6,11,7
834,11127,Low,Low,4,6,8
835,11127,Low,Low,0,2,9
836,11127,Low,Low,0,4,10
837,11127,Low,Low,1,7,11
838,11127,Low,Low,2,5,12
839,11127,Low,Low,1,25,13
840,11128,High,High,1,0,0
841,11128,High,High,9,0,1
842,11128,High,High,16,4,2
843,11128,High,High,4,1,3
844,11128,High,High,8,4,4
845,11128,High,High,7,7,5
846,11128,High,High,5,7,6
847,11128,High,High,6,5,7
848,11128,High,High,2,6,8
849,11128,High,High,4,4,9
850,11128,High,High,2,5,10
851,11128,High,High,1,7,11
852,11128,High,High,1,12,12
853,11128,High,High,0,2,13
854,11128,High,Low,8,0,0
855,11128,High,Low,6,1,1
856,11128,High,Low,5,1,2
857,11128,High,Low,8,3,3
858,11128,High,Low,6,2,4
859,11128,High,Low,10,5,5
860,11128,High,Low,8,6,6
861,11128,High,Low,3,5,7
862,11128,High,Low,4,3,8
863,11128,High,Low,2,10,9
864,11128,High,Low,5,9,10
865,11128,High,Low,1,5,11
866,11128,High,Low,0,11,12
867,11128,High,Low,0,7,13
868,11128,Low,High,2,0,0
869,11128,Low,High,7,0,1
870,11128,Low,High,7,6,2
871,11128,Low,High,15,3,3
872,11128,Low,High,10,3,4
873,11128,Low,High,8,4,5
874,11128,Low,High,12,5,6
875,11128,Low,High,1,2,7
876,11128,Low,High,1,5,8
877,11128,Low,High,3,6,9
878,11128,Low,High,2,9,10
879,11128,Low,High,2,16,11
880,11128,Low,High,1,9,12
881,11128,Low,High,0,1,13
882,11128,Low,Low,2,0,0
883,11128,Low,Low,1,0,1
884,11128,Low,Low,9,0,2
885,11128,Low,Low,9,1,3
886,11128,Low,Low,13,3,4
887,11128,Low,Low,10,13,5
888,11128,Low,Low,9,15,6
889,11128,Low,Low,5,10,7
890,11128,Low,Low,4,6,8
891,11128,Low,Low,4,3,9
892,11128,Low,Low,1,4,10
893,11128,Low,Low,0,5,11
894,11128,Low,Low,0,4,12
895,11128,Low,Low,0,0,13
896,11129,High,High,23,2,0
897,11129,High,High,4,1,1
898,11129,High,High,11,3,2
899,11129,High,High,6,5,3
900,11129,High,High,13,5,4
901,11129,High,High,4,5,5
902,11129,High,High,0,0,6
903,11129,High,High,1,1,7
904,11129,High,High,2,1,8
905,11129,High,High,6,8,9
906,11129,High,High,3,8,10
907,11129,High,High,1,12,11
908,11129,High,High,0,8,12
909,11129,High,High,0,16,13
910,11129,High,Low,14,0,0
911,11129,High,Low,3,1,1
912,11129,High,Low,8,0,2
913,11129,High,Low,8,5,3
914,11129,High,Low,19,8,4
915,11129,High,Low,6,3,5
916,11129,High,Low,0,1,6
917,11129,High,Low,1,2,7
918,11129,High,Low,4,5,8
919,11129,High,Low,4,13,9
920,11129,High,Low,5,7,10
921,11129,High,Low,1,6,11
922,11129,High,Low,0,3,12
923,11129,High,Low,1,20,13
924,11129,Low,High,14,1,0
925,11129,Low,High,1,1,1
926,11129,Low,High,12,1,2
927,11129,Low,High,7,3,3
928,11129,Low,High,13,9,4
929,11129,Low,High,5,3,5
930,11129,Low,High,0,2,6
931,11129,Low,High,1,1,7
932,11129,Low,High,3,12,8
933,11129,Low,High,9,10,9
934,11129,Low,High,3,7,10
935,11129,Low,High,4,5,11
936,11129,Low,High,1,3,12
937,11129,Low,High,1,17,13
938,11129,Low,Low,13,1,0
939,11129,Low,Low,8,0,1
940,11129,Low,Low,7,6,2
941,11129,Low,Low,5,3,3
942,11129,Low,Low,9,13,4
943,11129,Low,Low,9,5,5
944,11129,Low,Low,0,1,6
945,11129,Low,Low,0,0,7
946,11129,Low,Low,7,4,8
947,11129,Low,Low,9,13,9
948,11129,Low,Low,3,5,10
949,11129,Low,Low,2,7,11
950,11129,Low,Low,2,3,12
951,11129,Low,Low,0,13,13
952,11130,High,High,27,0,0
953,11130,High,High,10,0,1
954,11130,High,High,8,2,2
955,11130,High,High,9,5,3
956,11130,High,High,2,5,4
957,11130,High,High,8,5,5
958,11130,High,High,1,4,6
959,11130,High,High,0,0,7
960,11130,High,High,3,3,8
961,11130,High,High,4,3,9
962,11130,High,High,0,3,10
963,11130,High,High,1,8,11
964,11130,High,High,0,9,12
965,11130,High,High,0,26,13
966,11130,High,Low,39,0,0
967,11130,High,Low,5,0,1
968,11130,High,Low,4,1,2
969,11130,High,Low,2,3,3
970,11130,High,Low,5,2,4
971,11130,High,Low,4,6,5
972,11130,High,Low,4,3,6
973,11130,High,Low,1,1,7
974,11130,High,Low,4,3,8
975,11130,High,Low,4,3,9
976,11130,High,Low,0,4,10
977,11130,High,Low,0,2,11
978,11130,High,Low,2,6,12
979,11130,High,Low,0,41,13
980,11130,Low,High,21,0,0
981,11130,Low,High,10,0,1
982,11130,Low,High,10,2,2
983,11130,Low,High,3,0,3
984,11130,Low,High,5,3,4
985,11130,Low,High,11,7,5
986,11130,Low,High,6,1,6
987,11130,Low,High,1,3,7
988,11130,Low,High,1,2,8
989,11130,Low,High,3,5,9
990,11130,Low,High,0,2,10
991,11130,Low,High,3,4,11
992,11130,Low,High,0,17,12
993,11130,Low,High,1,27,13
994,11130,Low,Low,23,1,0
995,11130,Low,Low,8,0,1
996,11130,Low,Low,5,0,2
997,11130,Low,Low,3,0,3
998,11130,Low,Low,7,2,4
999,11130,Low,Low,10,8,5
1000,11130,Low,Low,6,5,6
1001,11130,Low,Low,3,2,7
1002,11130,Low,Low,2,5,8
1003,11130,Low,Low,2,7,9
1004,11130,Low,Low,2,4,10
1005,11130,Low,Low,2,6,11
1006,11130,Low,Low,1,10,12
1007,11130,Low,Low,0,24,13
1008,11131,High,High,19,1,0
1009,11131,High,High,3,2,1
1010,11131,High,High,6,2,2
1011,11131,High,High,0,1,3
1012,11131,High,High,4,0,4
1013,11131,High,High,5,1,5
1014,11131,High,High,28,29,6
1015,11131,High,High,1,0,7
1016,11131,High,High,0,1,8
1017,11131,High,High,1,0,9
1018,11131,High,High,0,3,10
1019,11131,High,High,2,5,11
1020,11131,High,High,0,5,12
1021,11131,High,High,1,20,13
1022,11131,High,Low,19,1,0
1023,11131,High,Low,4,3,1
1024,11131,High,Low,2,4,2
1025,11131,High,Low,1,0,3
1026,11131,High,Low,4,0,4
1027,11131,High,Low,6,3,5
1028,11131,High,Low,26,24,6
1029,11131,High,Low,0,2,7
1030,11131,High,Low,1,1,8
1031,11131,High,Low,0,1,9
1032,11131,High,Low,1,1,10
1033,11131,High,Low,3,7,11
1034,11131,High,Low,1,4,12
1035,11131,High,Low,0,17,13
1036,11131,Low,High,17,0,0
1037,11131,Low,High,6,2,1
1038,11131,Low,High,7,3,2
1039,11131,Low,High,3,1,3
1040,11131,Low,High,2,3,4
1041,11131,Low,High,7,7,5
1042,11131,Low,High,18,34,6
1043,11131,Low,High,1,0,7
1044,11131,Low,High,1,3,8
1045,11131,Low,High,1,0,9
1046,11131,Low,High,2,1,10
1047,11131,Low,High,2,5,11
1048,11131,Low,High,2,2,12
1049,11131,Low,High,1,8,13
1050,11131,Low,Low,17,0,0
1051,11131,Low,Low,4,1,1
1052,11131,Low,Low,1,8,2
1053,11131,Low,Low,0,0,3
1054,11131,Low,Low,4,0,4
1055,11131,Low,Low,3,1,5
1056,11131,Low,Low,38,42,6
1057,11131,Low,Low,0,1,7
1058,11131,Low,Low,0,2,8
1059,11131,Low,Low,1,1,9
1060,11131,Low,Low,0,0,10
1061,11131,Low,Low,2,2,11
1062,11131,Low,Low,0,2,12
1063,11131,Low,Low,0,14,13
1064,11132,High,High,30,1,0
1065,11132,High,High,0,0,1
1066,11132,High,High,3,1,2
1067,11132,High,High,2,3,3
1068,11132,High,High,15,15,4
1069,11132,High,High,7,8,5
1070,11132,High,High,2,0,6
1071,11132,High,High,0,0,7
1072,11132,High,High,1,2,8
1073,11132,High,High,6,10,9
1074,11132,High,High,2,3,10
1075,11132,High,High,1,1,11
1076,11132,High,High,0,0,12
1077,11132,High,High,0,26,13
1078,11132,High,Low,36,1,0
1079,11132,High,Low,1,0,1
1080,11132,High,Low,0,0,2
1081,11132,High,Low,7,6,3
1082,11132,High,Low,11,6,4
1083,11132,High,Low,6,12,5
1084,11132,High,Low,3,1,6
1085,11132,High,Low,0,0,7
1086,11132,High,Low,0,3,8
1087,11132,High,Low,2,3,9
1088,11132,High,Low,2,4,10
1089,11132,High,Low,1,0,11
1090,11132,High,Low,0,1,12
1091,11132,High,Low,2,34,13
1092,11132,Low,High,29,0,0
1093,11132,Low,High,0,1,1
1094,11132,Low,High,0,0,2
1095,11132,Low,High,1,4,3
1096,11132,Low,High,7,9,4
1097,11132,Low,High,18,9,5
1098,11132,Low,High,2,1,6
1099,11132,Low,High,0,0,7
1100,11132,Low,High,2,6,8
1101,11132,Low,High,6,5,9
1102,11132,Low,High,0,1,10
1103,11132,Low,High,1,1,11
1104,11132,Low,High,0,1,12
1105,11132,Low,High,2,30,13
1106,11132,Low,Low,36,0,0
1107,11132,Low,Low,0,1,1
1108,11132,Low,Low,2,1,2
1109,11132,Low,Low,5,6,3
1110,11132,Low,Low,9,8,4
1111,11132,Low,Low,8,4,5
1112,11132,Low,Low,2,2,6
1113,11132,Low,Low,2,1,7
1114,11132,Low,Low,3,3,8
1115,11132,Low,Low,2,10,9
1116,11132,Low,Low,1,2,10
1117,11132,Low,Low,0,1,11
1118,11132,Low,Low,0,1,12
1119,11132,Low,Low,4,32,13
1120,11133,High,High,34,0,0
1121,11133,High,High,5,0,1
1122,11133,High,High,1,2,2
1123,11133,High,High,4,1,3
1124,11133,High,High,6,3,4
1125,11133,High,High,7,1,5
1126,11133,High,High,6,7,6
1127,11133,High,High,4,4,7
1128,11133,High,High,3,5,8
1129,11133,High,High,0,4,9
1130,11133,High,High,0,3,10
1131,11133,High,High,2,8,11
1132,11133,High,High,2,5,12
1133,11133,High,High,0,31,13
1134,11133,High,Low,31,1,0
1135,11133,High,Low,7,0,1
1136,11133,High,Low,4,2,2
1137,11133,High,Low,5,0,3
1138,11133,High,Low,9,2,4
1139,11133,High,Low,4,6,5
1140,11133,High,Low,5,2,6
1141,11133,High,Low,4,3,7
1142,11133,High,Low,0,6,8
1143,11133,High,Low,3,6,9
1144,11133,High,Low,1,6,10
1145,11133,High,Low,0,4,11
1146,11133,High,Low,0,7,12
1147,11133,High,Low,0,29,13
1148,11133,Low,High,19,0,0
1149,11133,Low,High,6,1,1
1150,11133,Low,High,7,0,2
1151,11133,Low,High,6,5,3
1152,11133,Low,High,7,3,4
1153,11133,Low,High,3,3,5
1154,11133,Low,High,8,4,6
1155,11133,Low,High,3,5,7
1156,11133,Low,High,3,4,8
1157,11133,Low,High,10,2,9
1158,11133,Low,High,0,7,10
1159,11133,Low,High,2,12,11
1160,11133,Low,High,1,6,12
1161,11133,Low,High,0,23,13
1162,11133,Low,Low,24,1,0
1163,11133,Low,Low,8,2,1
1164,11133,Low,Low,7,2,2
1165,11133,Low,Low,5,1,3
1166,11133,Low,Low,5,3,4
1167,11133,Low,Low,5,4,5
1168,11133,Low,Low,6,6,6
1169,11133,Low,Low,3,4,7
1170,11133,Low,Low,4,4,8
1171,11133,Low,Low,2,3,9
1172,11133,Low,Low,2,6,10
1173,11133,Low,Low,3,11,11
1174,11133,Low,Low,1,6,12
1175,11133,Low,Low,0,22,13
1176,11134,High,High,42,0,0
1177,11134,High,High,7,1,1
1178,11134,High,High,7,6,2
1179,11134,High,High,2,4,3
1180,11134,High,High,4,3,4
1181,11134,High,High,3,3,5
1182,11134,High,High,1,1,6
1183,11134,High,High,0,0,7
1184,11134,High,High,0,2,8
1185,11134,High,High,1,5,9
1186,11134,High,High,4,5,10
1187,11134,High,High,2,5,11
1188,11134,High,High,2,3,12
1189,11134,High,High,0,33,13
1190,11134,High,Low,42,1,0
1191,11134,High,Low,2,0,1
1192,11134,High,Low,5,0,2
1193,11134,High,Low,11,0,3
1194,11134,High,Low,3,6,4
1195,11134,High,Low,1,3,5
1196,11134,High,Low,1,1,6
1197,11134,High,Low,1,0,7
1198,11134,High,Low,0,1,8
1199,11134,High,Low,1,3,9
1200,11134,High,Low,3,5,10
1201,11134,High,Low,2,6,11
1202,11134,High,Low,0,5,12
1203,11134,High,Low,0,41,13
1204,11134,Low,High,33,1,0
1205,11134,Low,High,3,2,1
1206,11134,Low,High,8,2,2
1207,11134,Low,High,8,2,3
1208,11134,Low,High,7,3,4
1209,11134,Low,High,5,2,5
1210,11134,Low,High,0,1,6
1211,11134,Low,High,3,0,7
1212,11134,Low,High,1,1,8
1213,11134,Low,High,3,2,9
1214,11134,Low,High,2,4,10
1215,11134,Low,High,0,8,11
1216,11134,Low,High,0,4,12
1217,11134,Low,High,2,41,13
1218,11134,Low,Low,39,1,0
1219,11134,Low,Low,1,0,1
1220,11134,Low,Low,8,7,2
1221,11134,Low,Low,5,8,3
1222,11134,Low,Low,5,3,4
1223,11134,Low,Low,2,3,5
1224,11134,Low,Low,4,2,6
1225,11134,Low,Low,0,4,7
1226,11134,Low,Low,5,2,8
1227,11134,Low,Low,2,2,9
1228,11134,Low,Low,2,2,10
1229,11134,Low,Low,0,5,11
1230,11134,Low,Low,0,2,12
1231,11134,Low,Low,0,34,13
1232,11135,High,High,20,1,0
1233,11135,High,High,12,0,1
1234,11135,High,High,6,0,2
1235,11135,High,High,5,0,3
1236,11135,High,High,8,5,4
1237,11135,High,High,7,9,5
1238,11135,High,High,1,0,6
1239,11135,High,High,3,2,7
1240,11135,High,High,5,7,8
1241,11135,High,High,3,7,9
1242,11135,High,High,0,5,10
1243,11135,High,High,2,10,11
1244,11135,High,High,0,2,12
1245,11135,High,High,1,23,13
1246,11135,High,Low,25,1,0
1247,11135,High,Low,13,1,1
1248,11135,High,Low,10,3,2
1249,11135,High,Low,3,3,3
1250,11135,High,Low,4,6,4
1251,11135,High,Low,7,6,5
1252,11135,High,Low,2,4,6
1253,11135,High,Low,1,1,7
1254,11135,High,Low,0,3,8
1255,11135,High,Low,3,3,9
1256,11135,High,Low,5,0,10
1257,11135,High,Low,0,13,11
1258,11135,High,Low,0,10,12
1259,11135,High,Low,0,18,13
1260,11135,Low,High,9,0,0
1261,11135,Low,High,12,0,1
1262,11135,Low,High,7,0,2
1263,11135,Low,High,4,3,3
1264,11135,Low,High,8,8,4
1265,11135,Low,High,12,6,5
1266,11135,Low,High,7,8,6
1267,11135,Low,High,4,6,7
1268,11135,Low,High,3,9,8
1269,11135,Low,High,1,7,9
1270,11135,Low,High,1,5,10
1271,11135,Low,High,1,4,11
1272,11135,Low,High,1,8,12
1273,11135,Low,High,0,9,13
1274,11135,Low,Low,20,0,0
1275,11135,Low,Low,7,2,1
1276,11135,Low,Low,8,3,2
1277,11135,Low,Low,2,1,3
1278,11135,Low,Low,9,3,4
1279,11135,Low,Low,11,4,5
1280,11135,Low,Low,3,9,6
1281,11135,Low,Low,2,2,7
1282,11135,Low,Low,3,9,8
1283,11135,Low,Low,4,8,9
1284,11135,Low,Low,1,0,10
1285,11135,Low,Low,0,11,11
1286,11135,Low,Low,1,13,12
1287,11135,Low,Low,1,9,13
1288,11136,High,High,16,0,0
1289,11136,High,High,4,2,1
1290,11136,High,High,10,4,2
1291,11136,High,High,3,3,3
1292,11136,High,High,3,8,4
1293,11136,High,High,7,9,5
1294,11136,High,High,0,0,6
1295,11136,High,High,4,3,7
1296,11136,High,High,10,12,8
1297,11136,High,High,4,7,9
1298,11136,High,High,5,2,10
1299,11136,High,High,3,5,11
1300,11136,High,High,2,1,12
1301,11136,High,High,0,19,13
1302,11136,High,Low,13,0,0
1303,11136,High,Low,10,0,1
1304,11136,High,Low,8,2,2
1305,11136,High,Low,4,2,3
1306,11136,High,Low,6,3,4
1307,11136,High,Low,14,5,5
1308,11136,High,Low,4,6,6
1309,11136,High,Low,1,5,7
1310,11136,High,Low,4,8,8
1311,11136,High,Low,9,6,9
1312,11136,High,Low,1,4,10
1313,11136,High,Low,0,3,11
1314,11136,High,Low,0,7,12
1315,11136,High,Low,0,21,13
1316,11136,Low,High,15,0,0
1317,11136,Low,High,5,0,1
1318,11136,Low,High,5,1,2
1319,11136,Low,High,7,3,3
1320,11136,Low,High,4,6,4
1321,11136,Low,High,9,8,5
1322,11136,Low,High,6,2,6
1323,11136,Low,High,7,6,7
1324,11136,Low,High,1,8,8
1325,11136,Low,High,7,3,9
1326,11136,Low,High,2,6,10
1327,11136,Low,High,3,7,11
1328,11136,Low,High,0,6,12
1329,11136,Low,High,0,18,13
1330,11136,Low,Low,22,0,0
1331,11136,Low,Low,3,3,1
1332,11136,Low,Low,3,3,2
1333,11136,Low,Low,1,1,3
1334,11136,Low,Low,4,2,4
1335,11136,Low,Low,18,5,5
1336,11136,Low,Low,5,5,6
1337,11136,Low,Low,4,8,7
1338,11136,Low,Low,9,11,8
1339,11136,Low,Low,4,3,9
1340,11136,Low,Low,0,5,10
1341,11136,Low,Low,1,5,11
1342,11136,Low,Low,0,5,12
1343,11136,Low,Low,0,17,13
1344,11137,High,High,18,0,0
1345,11137,High,High,6,1,1
1346,11137,High,High,2,0,2
1347,11137,High,High,3,1,3
1348,11137,High,High,5,1,4
1349,11137,High,High,11,3,5
1350,11137,High,High,20,15,6
1351,11137,High,High,7,12,7
1352,11137,High,High,2,12,8
1353,11137,High,High,0,6,9
1354,11137,High,High,0,5,10
1355,11137,High,High,0,5,11
1356,11137,High,High,0,6,12
1357,11137,High,High,1,8,13
1358,11137,High,Low,22,0,0
1359,11137,High,Low,3,0,1
1360,11137,High,Low,3,0,2
1361,11137,High,Low,2,0,3
1362,11137,High,Low,2,0,4
1363,11137,High,Low,6,0,5
1364,11137,High,Low,17,16,6
1365,11137,High,Low,13,15,7
1366,11137,High,Low,4,10,8
1367,11137,High,Low,1,5,9
1368,11137,High,Low,0,2,10
1369,11137,High,Low,1,2,11
1370,11137,High,Low,0,6,12
1371,11137,High,Low,0,16,13
1372,11137,Low,High,9,0,0
1373,11137,Low,High,4,0,1
1374,11137,Low,High,5,0,2
1375,11137,Low,High,2,0,3
1376,11137,Low,High,2,2,4
1377,11137,Low,High,8,4,5
1378,11137,Low,High,23,12,6
1379,11137,Low,High,16,22,7
1380,11137,Low,High,4,8,8
1381,11137,Low,High,2,7,9
1382,11137,Low,High,0,3,10
1383,11137,Low,High,0,2,11
1384,11137,Low,High,0,4,12
1385,11137,Low,High,0,10,13
1386,11137,Low,Low,7,2,0
1387,11137,Low,Low,4,0,1
1388,11137,Low,Low,7,0,2
1389,11137,Low,Low,8,0,3
1390,11137,Low,Low,3,4,4
1391,11137,Low,Low,6,3,5
1392,11137,Low,Low,20,16,6
1393,11137,Low,Low,14,22,7
1394,11137,Low,Low,2,8,8
1395,11137,Low,Low,0,2,9
1396,11137,Low,Low,0,2,10
1397,11137,Low,Low,1,5,11
1398,11137,Low,Low,1,3,12
1399,11137,Low,Low,0,8,13
1400,11138,High,High,13,0,0
1401,11138,High,High,0,0,1
1402,11138,High,High,2,1,2
1403,11138,High,High,2,1,3
1404,11138,High,High,2,2,4
1405,11138,High,High,7,8,5
1406,11138,High,High,23,27,6
1407,11138,High,High,10,8,7
1408,11138,High,High,8,9,8
1409,11138,High,High,2,1,9
1410,11138,High,High,0,4,10
1411,11138,High,High,0,0,11
1412,11138,High,High,0,0,12
1413,11138,High,High,0,9,13
1414,11138,High,Low,12,0,0
1415,11138,High,Low,0,0,1
1416,11138,High,Low,4,0,2
1417,11138,High,Low,4,0,3
1418,11138,High,Low,12,6,4
1419,11138,High,Low,12,9,5
1420,11138,High,Low,7,7,6
1421,11138,High,Low,7,5,7
1422,11138,High,Low,9,18,8
1423,11138,High,Low,0,4,9
1424,11138,High,Low,0,3,10
1425,11138,High,Low,0,4,11
1426,11138,High,Low,1,2,12
1427,11138,High,Low,0,8,13
1428,11138,Low,High,22,0,0
1429,11138,Low,High,2,0,1
1430,11138,Low,High,4,0,2
1431,11138,Low,High,2,0,3
1432,11138,Low,High,4,1,4
1433,11138,Low,High,13,10,5
1434,11138,Low,High,11,19,6
1435,11138,Low,High,5,14,7
1436,11138,Low,High,8,8,8
1437,11138,Low,High,1,3,9
1438,11138,Low,High,0,2,10
1439,11138,Low,High,0,2,11
1440,11138,Low,High,0,1,12
1441,11138,Low,High,0,12,13
1442,11138,Low,Low,11,0,0
1443,11138,Low,Low,3,0,1
1444,11138,Low,Low,1,0,2
1445,11138,Low,Low,2,1,3
1446,11138,Low,Low,0,3,4
1447,11138,Low,Low,9,7,5
1448,11138,Low,Low,13,14,6
1449,11138,Low,Low,19,13,7
1450,11138,Low,Low,9,11,8
1451,11138,Low,Low,0,2,9
1452,11138,Low,Low,1,2,10
1453,11138,Low,Low,0,2,11
1454,11138,Low,Low,0,1,12
1455,11138,Low,Low,1,10,13
1456,11139,High,High,25,0,0
1457,11139,High,High,3,0,1
1458,11139,High,High,7,1,2
1459,11139,High,High,3,0,3
1460,11139,High,High,3,3,4
1461,11139,High,High,9,4,5
1462,11139,High,High,15,16,6
1463,11139,High,High,3,6,7
1464,11139,High,High,1,2,8
1465,11139,High,High,2,7,9
1466,11139,High,High,1,6,10
1467,11139,High,High,1,5,11
1468,11139,High,High,0,0,12
1469,11139,High,High,0,25,13
1470,11139,High,Low,24,0,0
1471,11139,High,Low,3,0,1
1472,11139,High,Low,7,1,2
1473,11139,High,Low,5,2,3
1474,11139,High,Low,5,3,4
1475,11139,High,Low,6,5,5
1476,11139,High,Low,14,11,6
1477,11139,High,Low,1,1,7
1478,11139,High,Low,3,4,8
1479,11139,High,Low,1,4,9
1480,11139,High,Low,1,4,10
1481,11139,High,Low,0,4,11
1482,11139,High,Low,0,4,12
1483,11139,High,Low,1,30,13
1484,11139,Low,High,17,1,0
1485,11139,Low,High,2,0,1
1486,11139,Low,High,2,2,2
1487,11139,Low,High,7,3,3
1488,11139,Low,High,2,1,4
1489,11139,Low,High,10,6,5
1490,11139,Low,High,26,17,6
1491,11139,Low,High,6,13,7
1492,11139,Low,High,1,9,8
1493,11139,Low,High,1,2,9
1494,11139,Low,High,0,2,10
1495,11139,Low,High,0,1,11
1496,11139,Low,High,0,0,12
1497,11139,Low,High,0,18,13
1498,11139,Low,Low,19,0,0
1499,11139,Low,Low,6,0,1
1500,11139,Low,Low,5,1,2
1501,11139,Low,Low,5,3,3
1502,11139,Low,Low,8,2,4
1503,11139,Low,Low,10,7,5
1504,11139,Low,Low,14,27,6
1505,11139,Low,Low,5,6,7
1506,11139,Low,Low,3,7,8
1507,11139,Low,Low,0,2,9
1508,11139,Low,Low,0,3,10
1509,11139,Low,Low,0,3,11
1510,11139,Low,Low,0,4,12
1511,11139,Low,Low,0,9,13
1512,11140,High,High,17,0,0
1513,11140,High,High,3,0,1
1514,11140,High,High,3,0,2
1515,11140,High,High,4,0,3
1516,11140,High,High,2,1,4
1517,11140,High,High,6,3,5
1518,11140,High,High,28,30,6
1519,11140,High,High,5,6,7
1520,11140,High,High,1,4,8
1521,11140,High,High,1,3,9
1522,11140,High,High,0,5,10
1523,11140,High,High,0,0,11
1524,11140,High,High,0,1,12
1525,11140,High,High,0,19,13
1526,11140,High,Low,15,0,0
1527,11140,High,Low,3,0,1
1528,11140,High,Low,0,0,2
1529,11140,High,Low,1,1,3
1530,11140,High,Low,6,1,4
1531,11140,High,Low,8,5,5
1532,11140,High,Low,32,27,6
1533,11140,High,Low,3,10,7
1534,11140,High,Low,4,4,8
1535,11140,High,Low,0,5,9
1536,11140,High,Low,0,2,10
1537,11140,High,Low,0,4,11
1538,11140,High,Low,0,1,12
1539,11140,High,Low,0,9,13
1540,11140,Low,High,9,1,0
1541,11140,Low,High,5,0,1
1542,11140,Low,High,3,1,2
1543,11140,Low,High,1,2,3
1544,11140,Low,High,6,2,4
1545,11140,Low,High,11,5,5
1546,11140,Low,High,31,29,6
1547,11140,Low,High,2,2,7
1548,11140,Low,High,3,8,8
1549,11140,Low,High,1,3,9
1550,11140,Low,High,0,3,10
1551,11140,Low,High,0,0,11
1552,11140,Low,High,0,4,12
1553,11140,Low,High,0,11,13
1554,11140,Low,Low,8,0,0
1555,11140,Low,Low,1,0,1
1556,11140,Low,Low,7,0,2
1557,11140,Low,Low,3,1,3
1558,11140,Low,Low,4,0,4
1559,11140,Low,Low,12,5,5
1560,11140,Low,Low,38,41,6
1561,11140,Low,Low,0,1,7
1562,11140,Low,Low,0,5,8
1563,11140,Low,Low,1,0,9
1564,11140,Low,Low,0,2,10
1565,11140,Low,Low,0,3,11
1566,11140,Low,Low,0,2,12
1567,11140,Low,Low,0,11,13
1568,11141,High,High,37,2,0
1569,11141,High,High,7,3,1
1570,11141,High,High,5,5,2
1571,11141,High,High,2,0,3
1572,11141,High,High,0,4,4
1573,11141,High,High,6,3,5
1574,11141,High,High,6,2,6
1575,11141,High,High,3,8,7
1576,11141,High,High,0,2,8
1577,11141,High,High,1,7,9
1578,11141,High,High,0,0,10
1579,11141,High,High,2,8,11
1580,11141,High,High,2,4,12
1581,11141,High,High,0,24,13
1582,11141,High,Low,33,2,0
1583,11141,High,Low,7,0,1
1584,11141,High,Low,10,1,2
1585,11141,High,Low,2,0,3
1586,11141,High,Low,1,0,4
1587,11141,High,Low,6,6,5
1588,11141,High,Low,7,5,6
1589,11141,High,Low,3,7,7
1590,11141,High,Low,0,4,8
1591,11141,High,Low,0,5,9
1592,11141,High,Low,1,2,10
1593,11141,High,Low,2,6,11
1594,11141,High,Low,0,5,12
1595,11141,High,Low,2,31,13
1596,11141,Low,High,28,1,0
1597,11141,Low,High,10,1,1
1598,11141,Low,High,13,2,2
1599,11141,Low,High,1,2,3
1600,11141,Low,High,3,1,4
1601,11141,Low,High,3,2,5
1602,11141,Low,High,3,1,6
1603,11141,Low,High,2,0,7
1604,11141,Low,High,2,5,8
1605,11141,Low,High,3,1,9
1606,11141,Low,High,1,2,10
1607,11141,Low,High,1,6,11
1608,11141,Low,High,2,9,12
1609,11141,Low,High,2,41,13
1610,11141,Low,Low,23,0,0
1611,11141,Low,Low,9,2,1
1612,11141,Low,Low,12,4,2
1613,11141,Low,Low,2,2,3
1614,11141,Low,Low,4,3,4
1615,11141,Low,Low,2,2,5
1616,11141,Low,Low,3,3,6
1617,11141,Low,Low,0,2,7
1618,11141,Low,Low,2,7,8
1619,11141,Low,Low,5,3,9
1620,11141,Low,Low,5,3,10
1621,11141,Low,Low,5,5,11
1622,11141,Low,Low,2,9,12
1623,11141,Low,Low,1,30,13
1624,11142,High,High,28,2,0
1625,11142,High,High,3,1,1
1626,11142,High,High,7,1,2
1627,11142,High,High,5,6,3
1628,11142,High,High,7,6,4
1629,11142,High,High,6,4,5
1630,11142,High,High,7,4,6
1631,11142,High,High,4,5,7
1632,11142,High,High,0,5,8
1633,11142,High,High,2,5,9
1634,11142,High,High,2,3,10
1635,11142,High,High,1,5,11
1636,11142,High,High,0,7,12
1637,11142,High,High,3,20,13
1638,11142,High,Low,13,0,0
1639,11142,High,Low,7,0,1
1640,11142,High,Low,6,2,2
1641,11142,High,Low,7,1,3
1642,11142,High,Low,13,7,4
1643,11142,High,Low,6,4,5
1644,11142,High,Low,5,5,6
1645,11142,High,Low,3,4,7
1646,11142,High,Low,3,5,8
1647,11142,High,Low,4,8,9
1648,11142,High,Low,3,10,10
1649,11142,High,Low,0,5,11
1650,11142,High,Low,1,6,12
1651,11142,High,Low,1,16,13
1652,11142,Low,High,19,0,0
1653,11142,Low,High,8,1,1
1654,11142,Low,High,5,3,2
1655,11142,Low,High,8,3,3
1656,11142,Low,High,6,4,4
1657,11142,Low,High,6,3,5
1658,11142,Low,High,4,12,6
1659,11142,Low,High,6,3,7
1660,11142,Low,High,6,10,8
1661,11142,Low,High,0,2,9
1662,11142,Low,High,1,4,10
1663,11142,Low,High,1,7,11
1664,11142,Low,High,2,5,12
1665,11142,Low,High,3,16,13
1666,11142,Low,Low,18,1,0
1667,11142,Low,Low,4,3,1
1668,11142,Low,Low,7,0,2
1669,11142,Low,Low,2,2,3
1670,11142,Low,Low,8,2,4
1671,11142,Low,Low,10,3,5
1672,11142,Low,Low,12,8,6
1673,11142,Low,Low,2,13,7
1674,11142,Low,Low,6,6,8
1675,11142,Low,Low,2,7,9
1676,11142,Low,Low,1,4,10
1677,11142,Low,Low,1,5,11
1678,11142,Low,Low,1,10,12
1679,11142,Low,Low,1,10,13
1680,43336,High,High,18,4,0
1681,43336,High,High,8,4,1
1682,43336,High,High,13,11,2
1683,43336,High,High,10,2,3
1684,43336,High,High,5,3,4
1685,43336,High,High,2,1,5
1686,43336,High,High,0,2,6
1687,43336,High,High,1,2,7
1688,43336,High,High,1,2,8
1689,43336,High,High,4,4,9
1690,43336,High,High,4,1,10
1691,43336,High,High,4,9,11
1692,43336,High,High,0,15,12
1693,43336,High,High,2,11,13
1694,43336,High,Low,18,2,0
1695,43336,High,Low,7,4,1
1696,43336,High,Low,8,9,2
1697,43336,High,Low,9,1,3
1698,43336,High,Low,7,0,4
1699,43336,High,Low,2,1,5
1700,43336,High,Low,5,4,6
1701,43336,High,Low,5,4,7
1702,43336,High,Low,0,4,8
1703,43336,High,Low,0,2,9
1704,43336,High,Low,4,4,10
1705,43336,High,Low,2,9,11
1706,43336,High,Low,4,6,12
1707,43336,High,Low,1,21,13
1708,43336,Low,High,15,2,0
1709,43336,Low,High,9,5,1
1710,43336,Low,High,12,7,2
1711,43336,Low,High,2,8,3
1712,43336,Low,High,3,3,4
1713,43336,Low,High,7,0,5
1714,43336,Low,High,5,7,6
1715,43336,Low,High,5,3,7
1716,43336,Low,High,5,0,8
1717,43336,Low,High,1,4,9
1718,43336,Low,High,3,4,10
1719,43336,Low,High,2,9,11
1720,43336,Low,High,1,6,12
1721,43336,Low,High,3,16,13
1722,43336,Low,Low,15,5,0
1723,43336,Low,Low,13,1,1
1724,43336,Low,Low,15,3,2
1725,43336,Low,Low,4,5,3
1726,43336,Low,Low,3,1,4
1727,43336,Low,Low,1,0,5
1728,43336,Low,Low,3,8,6
1729,43336,Low,Low,2,3,7
1730,43336,Low,Low,0,4,8
1731,43336,Low,Low,3,6,9
1732,43336,Low,Low,4,6,10
1733,43336,Low,Low,5,8,11
1734,43336,Low,Low,2,11,12
1735,43336,Low,Low,2,12,13
1736,47203,High,High,12,0,0
1737,47203,High,High,4,0,1
1738,47203,High,High,9,2,2
1739,47203,High,High,9,7,3
1740,47203,High,High,21,10,4
1741,47203,High,High,8,6,5
1742,47203,High,High,3,5,6
1743,47203,High,High,0,1,7
1744,47203,High,High,4,6,8
1745,47203,High,High,5,9,9
1746,47203,High,High,0,5,10
1747,47203,High,High,0,12,11
1748,47203,High,High,0,3,12
1749,47203,High,High,0,9,13
1750,47203,High,Low,17,0,0
1751,47203,High,Low,11,0,1
1752,47203,High,Low,8,1,2
1753,47203,High,Low,7,3,3
1754,47203,High,Low,18,20,4
1755,47203,High,Low,3,5,5
1756,47203,High,Low,3,2,6
1757,47203,High,Low,0,1,7
1758,47203,High,Low,1,2,8
1759,47203,High,Low,5,10,9
1760,47203,High,Low,2,6,10
1761,47203,High,Low,0,6,11
1762,47203,High,Low,0,7,12
1763,47203,High,Low,0,11,13
1764,47203,Low,High,12,0,0
1765,47203,Low,High,5,0,1
1766,47203,Low,High,9,1,2
1767,47203,Low,High,12,4,3
1768,47203,Low,High,21,15,4
1769,47203,Low,High,6,7,5
1770,47203,Low,High,2,3,6
1771,47203,Low,High,1,0,7
1772,47203,Low,High,3,3,8
1773,47203,Low,High,3,19,9
1774,47203,Low,High,1,5,10
1775,47203,Low,High,0,11,11
1776,47203,Low,High,0,3,12
1777,47203,Low,High,0,3,13
1778,47203,Low,Low,8,0,0
1779,47203,Low,Low,4,0,1
1780,47203,Low,Low,6,3,2
1781,47203,Low,Low,14,0,3
1782,47203,Low,Low,24,18,4
1783,47203,Low,Low,5,15,5
1784,47203,Low,Low,2,4,6
1785,47203,Low,Low,2,1,7
1786,47203,Low,Low,2,5,8
1787,47203,Low,Low,6,4,9
1788,47203,Low,Low,0,4,10
1789,47203,Low,Low,0,4,11
1790,47203,Low,Low,0,6,12
1791,47203,Low,Low,0,11,13
1792,47284,High,High,27,1,0
1793,47284,High,High,4,2,1
1794,47284,High,High,7,1,2
1795,47284,High,High,2,4,3
1796,47284,High,High,6,1,4
1797,47284,High,High,8,1,5
1798,47284,High,High,4,4,6
1799,47284,High,High,7,2,7
1800,47284,High,High,2,8,8
1801,47284,High,High,4,5,9
1802,47284,High,High,1,3,10
1803,47284,High,High,1,1,11
1804,47284,High,High,0,3,12
1805,47284,High,High,2,32,13
1806,47284,High,Low,19,2,0
1807,47284,High,Low,7,0,1
1808,47284,High,Low,3,2,2
1809,47284,High,Low,5,2,3
1810,47284,High,Low,10,1,4
1811,47284,High,Low,5,4,5
1812,47284,High,Low,10,9,6
1813,47284,High,Low,3,1,7
1814,47284,High,Low,3,8,8
1815,47284,High,Low,1,5,9
1816,47284,High,Low,1,2,10
1817,47284,High,Low,4,6,11
1818,47284,High,Low,2,6,12
1819,47284,High,Low,1,26,13
1820,47284,Low,High,26,0,0
1821,47284,Low,High,9,1,1
1822,47284,Low,High,3,4,2
1823,47284,Low,High,7,3,3
1824,47284,Low,High,8,1,4
1825,47284,Low,High,7,3,5
1826,47284,Low,High,2,5,6
1827,47284,Low,High,2,5,7
1828,47284,Low,High,2,3,8
1829,47284,Low,High,1,5,9
1830,47284,Low,High,3,9,10
1831,47284,Low,High,2,4,11
1832,47284,Low,High,0,6,12
1833,47284,Low,High,2,25,13
1834,47284,Low,Low,28,0,0
1835,47284,Low,Low,9,2,1
1836,47284,Low,Low,4,1,2
1837,47284,Low,Low,6,6,3
1838,47284,Low,Low,5,2,4
1839,47284,Low,Low,6,3,5
1840,47284,Low,Low,2,7,6
1841,47284,Low,Low,4,1,7
1842,47284,Low,Low,2,3,8
1843,47284,Low,Low,3,4,9
1844,47284,Low,Low,1,6,10
1845,47284,Low,Low,0,5,11
1846,47284,Low,Low,1,9,12
1847,47284,Low,Low,2,25,13
1848,47542,High,High,41,2,0
1849,47542,High,High,1,0,1
1850,47542,High,High,1,0,2
1851,47542,High,High,3,1,3
1852,47542,High,High,4,1,4
1853,47542,High,High,4,2,5
1854,47542,High,High,7,15,6
1855,47542,High,High,3,3,7
1856,47542,High,High,0,1,8
1857,47542,High,High,1,0,9
1858,47542,High,High,0,0,10
1859,47542,High,High,1,2,11
1860,47542,High,High,0,1,12
1861,47542,High,High,3,32,13
1862,47542,High,Low,28,4,0
1863,47542,High,Low,1,0,1
1864,47542,High,Low,2,0,2
1865,47542,High,Low,2,0,3
1866,47542,High,Low,5,3,4
1867,47542,High,Low,6,5,5
1868,47542,High,Low,18,20,6
1869,47542,High,Low,3,4,7
1870,47542,High,Low,0,7,8
1871,47542,High,Low,0,1,9
1872,47542,High,Low,0,0,10
1873,47542,High,Low,0,0,11
1874,47542,High,Low,0,2,12
1875,47542,High,Low,1,22,13
1876,47542,Low,High,38,2,0
1877,47542,Low,High,0,0,1
1878,47542,Low,High,1,1,2
1879,47542,Low,High,3,0,3
1880,47542,Low,High,0,2,4
1881,47542,Low,High,3,5,5
1882,47542,Low,High,11,14,6
1883,47542,Low,High,5,3,7
1884,47542,Low,High,3,2,8
1885,47542,Low,High,0,3,9
1886,47542,Low,High,2,0,10
1887,47542,Low,High,0,1,11
1888,47542,Low,High,0,2,12
1889,47542,Low,High,1,31,13
1890,47542,Low,Low,27,0,0
1891,47542,Low,Low,0,0,1
1892,47542,Low,Low,1,0,2
1893,47542,Low,Low,1,0,3
1894,47542,Low,Low,2,0,4
1895,47542,Low,Low,3,2,5
1896,47542,Low,Low,9,15,6
1897,47542,Low,Low,8,6,7
1898,47542,Low,Low,0,2,8
1899,47542,Low,Low,0,1,9
1900,47542,Low,Low,0,1,10
1901,47542,Low,Low,0,0,11
1902,47542,Low,Low,0,1,12
1903,47542,Low,Low,3,31,13
1904,47617,High,High,39,1,0
1905,47617,High,High,10,1,1
1906,47617,High,High,5,2,2
1907,47617,High,High,5,0,3
1908,47617,High,High,4,2,4
1909,47617,High,High,5,6,5
1910,47617,High,High,1,3,6
1911,47617,High,High,1,4,7
1912,47617,High,High,2,5,8
1913,47617,High,High,1,5,9
1914,47617,High,High,0,8,10
1915,47617,High,High,0,2,11
1916,47617,High,High,0,9,12
1917,47617,High,High,1,26,13
1918,47617,High,Low,26,0,0
1919,47617,High,Low,14,0,1
1920,47617,High,Low,4,1,2
1921,47617,High,Low,8,1,3
1922,47617,High,Low,2,4,4
1923,47617,High,Low,9,7,5
1924,47617,High,Low,1,3,6
1925,47617,High,Low,1,2,7
1926,47617,High,Low,5,6,8
1927,47617,High,Low,3,4,9
1928,47617,High,Low,0,5,10
1929,47617,High,Low,0,2,11
1930,47617,High,Low,0,3,12
1931,47617,High,Low,1,36,13
1932,47617,Low,High,26,0,0
1933,47617,Low,High,8,0,1
1934,47617,Low,High,6,1,2
1935,47617,Low,High,6,0,3
1936,47617,Low,High,5,1,4
1937,47617,Low,High,6,7,5
1938,47617,Low,High,5,4,6
1939,47617,Low,High,1,2,7
1940,47617,Low,High,3,6,8
1941,47617,Low,High,2,9,9
1942,47617,Low,High,1,4,10
1943,47617,Low,High,1,6,11
1944,47617,Low,High,2,5,12
1945,47617,Low,High,1,29,13
1946,47617,Low,Low,31,0,0
1947,47617,Low,Low,8,3,1
1948,47617,Low,Low,10,1,2
1949,47617,Low,Low,2,0,3
1950,47617,Low,Low,6,3,4
1951,47617,Low,Low,5,3,5
1952,47617,Low,Low,5,3,6
1953,47617,Low,Low,2,4,7
1954,47617,Low,Low,2,7,8
1955,47617,Low,Low,0,8,9
1956,47617,Low,Low,0,4,10
1957,47617,Low,Low,0,5,11
1958,47617,Low,Low,2,4,12
1959,47617,Low,Low,0,29,13
