,Subject,HighAro_HighVal,LowAro_HighVal,HighAro_LowVal,LowAro_LowVal
0,11113,1.77242712839165,1.5153750136368,1.25152698772799,0.9647928165874201
1,11114,1.24277485293646,1.82021199389528,1.19638974660603,1.54577872639797
2,11115,1.5146521736533303,1.4469037368420201,0.7478337590408639,0.9986515507007622
3,11116,1.5455409511244398,2.00762525489015,1.46405594413521,1.43989357623088
4,11117,0.8000757177702099,1.27087899800969,0.7287718256897759,1.0909815180518498
5,11118,2.01409906653282,2.62657007178792,1.70656193110117,1.6000326841375903
6,11120,1.28917147401458,1.96662214300705,1.4828916457536399,1.50188265451743
7,11121,1.8295834573177001,1.3081651591635801,1.7524133727415099,2.06114973314882
8,11122,1.7157379432053,1.85124650321369,2.05677572460619,2.05086559787296
9,11123,1.49240472567294,2.03384759344975,1.53529958731969,1.25849355134432
10,11125,1.4278002110828603,1.68726263578167,2.06384205772297,1.08966189059684
11,11126,1.83450660457782,1.4884938007943502,1.52087927145053,1.7401601310848502
12,11127,2.44643087395837,2.4836963072370697,1.92243723876453,1.86549180512158
13,11128,1.2233136609432,1.10224706689416,0.312977541611714,1.15050331696655
14,11129,1.5855325034258703,1.19431668044519,1.02550319249768,1.32023217825359
15,11130,2.39928397638558,2.7415961079974003,1.71298709687021,1.89709004372616
16,11132,1.69515501973765,1.86104329063963,1.42539576463574,1.72539075934659
17,11133,2.10647240920157,2.03974233617022,1.78840866274798,1.7291574514160701
18,11134,2.33814599820868,2.94255743171206,2.1186328925152798,2.11996415689076
19,11135,1.91969316983126,2.05869672368658,1.2732753606048701,1.4469312611618603
20,11136,1.5440749934353502,1.58908521495051,1.5326715933441202,1.3389552188268898
21,11137,1.2410904076721898,1.8737145694383501,1.09624273420616,0.9023930474871691
22,11139,1.8165590716735802,1.76917475582088,0.9084539987538771,1.72292900592384
23,11140,1.6772012634687001,1.08617389837692,0.884111049733057,1.1016673345066499
24,11141,1.5345935724117,1.6619618312508702,2.07328908278167,1.8110334198167601
25,11142,1.2081375794376799,1.39283923905649,1.61029549990585,0.7777798481129872
26,43336,0.886175034664572,0.91210536988008,1.14564863396113,0.8761600737436309
27,47203,1.1863332015248602,1.6977616195238998,1.32602941707158,1.60377364620791
28,47284,1.7411036432705802,1.40518654264857,1.5544978984255502,2.08577209800343
29,47542,2.48754225173885,1.32272543643765,2.40433778240466,2.55674016337316
